# Experiment 0 Ligand    60.00000000 uM Receptor     3.00000000 uM Volume  1420.60000000 uL
# Experiment 1 Ligand    60.00000000 uM Receptor     3.00000000 uM Volume  1420.60000000 uL
# Experiment 2 Ligand    55.00000000 uM Receptor     3.00000000 uM Volume  1420.60000000 uL
# Guess_cost        71.34954957 (kcal_mol^-1)^2 Guess_chi_sq         0.96418310
# Fit_cost          30.87162733 (kcal_mol^-1)^2 Fit_chi_sq           0.41718415
# Bootstrap_cost    31.11676656 (kcal_mol^-1)^2 Bootstrap_chi_sq     0.42049685
# Parameter Fit_value Confidence_lower Confidence_upper Bootstrap_value Bootstrap_lower Bootstrap_upper
# Offset_1_(kcal_mol^-1)      0.34611152     0.04833598     0.64388706     0.34756110     0.02336704     0.67388141
# Offset_2_(kcal_mol^-1)     -0.03365114    -0.33142668     0.26412440    -0.03176308    -0.34854733     0.28867859
# Offset_3_(kcal_mol^-1)     -0.56611565    -0.86877187    -0.26345943    -0.56450292    -0.88273829    -0.25024183
# Eta                         1.00657503     0.98801662     1.02513343     1.00675300     0.99955398     1.01390809
# DeltaH_A1_(kcal_mol^-1)   -36.90331786   -39.77780334   -34.02883238   -36.93955560   -37.83928327   -36.33494939
# DeltaH_B1_(kcal_mol^-1)   -29.81946552   -33.86006995   -25.77886108   -29.85166145   -31.44969915   -28.57491060
# DeltaH_A2_(kcal_mol^-1)   -47.39177626   -53.20472783   -41.57882469   -47.37132672   -48.80703905   -45.67709141
# DeltaH_B2_(kcal_mol^-1)   -40.30792392   -43.34128097   -37.27456687   -40.28088686   -40.85463245   -39.53290118
# DeltaG_A1_(kcal_mol^-1)     0.24004564    -0.05010355     0.53019484     0.24037998     0.10793119     0.37471517
# DeltaG_B1_(kcal_mol^-1)     0.50248170    -0.11672118     1.12168459     0.50119792     0.16339184     0.79817746
# DeltaG_A2_(kcal_mol^-1)    -1.04967159    -1.52950224    -0.56984094    -1.04871983    -1.27627886    -0.80022560
# DeltaG_B2_(kcal_mol^-1)    -0.78723553    -1.04989159    -0.52457947    -0.79006696    -0.85712078    -0.73197658
# KD_A1_(uM)                  1.47620556     0.92192333     2.36373544     1.47700657     1.19138771     1.83671164
# KD_B1_(uM)                  2.25980495     0.82747153     6.17147322     2.25510279     1.30356640     3.65116395
# KD_A2_(uM)                  0.18211877     0.08360740     0.39670231     0.18240022     0.12608899     0.27297662
# KD_B2_(uM)                  0.27879105     0.18205378     0.42693128     0.27751322     0.24890555     0.30494165
# Alpha                       8.10572980     3.26342122    20.13312140     8.09894201     4.47041984    14.29439708
# KD_1_(uM)                   0.89291415     0.49643796     1.60603285     0.89068470     0.62988937     1.20796040
# KD_2_(uM)                   0.46090983     0.30854266     0.68852024     0.46071420     0.38036174     0.56458745
# Gamma                       7.74914394     3.55287188    16.90160349     7.72881931     4.45374424    12.64192202
# Stoichiometric_ratio Target_enthalpy_(kcal_mol^-1) Fit_enthalpy Confidence_lower Confidence_upper Bootstrap_enthalpy Bootstrap_lower Bootstrap_upper
    0.18386124   -28.29645447   -28.87969278   -31.32535739   -26.43402818   -28.87780852   -29.86601513   -27.88594558
    0.32644232   -30.54732800   -30.33154680   -32.60184534   -28.06124825   -30.32536402   -30.82636640   -29.83495886
    0.47003061   -31.49857878   -30.91087790   -33.15063602   -28.67111978   -30.90698190   -32.01120507   -29.80746059
    0.61463322   -31.45123693   -31.09094924   -33.33699731   -28.84490116   -31.09525209   -31.80737960   -30.37744854
    0.76025732   -31.31357208   -31.01242131   -33.28099607   -28.74384655   -31.01519571   -31.62666333   -30.42157893
    0.90691013   -31.23357540   -30.72238069   -33.01996434   -28.42479705   -30.71649389   -31.66799041   -29.75615873
    1.05459890   -30.42278959   -30.22875240   -32.55372997   -27.90377484   -30.23616050   -30.65782684   -29.80457714
    1.20333097   -29.49049363   -29.51774758   -31.85907699   -27.17641817   -29.52299352   -29.76673139   -29.28597425
    1.35311370   -28.53076496   -28.56131753   -30.89557648   -26.22705859   -28.56638694   -28.80553298   -28.33701748
    1.50395451   -27.39999780   -27.32282209   -29.61088751   -25.03475667   -27.32534543   -27.58977177   -27.05444409
    1.65586088   -25.58392971   -25.76524578   -27.95147894   -23.57901262   -25.76672054   -26.16780982   -25.36615051
    1.80884033   -23.72561176   -23.86510234   -25.88492361   -21.84528108   -23.86606609   -24.21474855   -23.51233016
    1.96290045   -21.61452815   -21.63261366   -23.43648292   -19.82874441   -21.62887076   -21.89668900   -21.35538511
    2.11804886   -18.64714093   -19.13231217   -20.72644482   -17.53817953   -19.12460547   -20.04705192   -18.21622932
    2.27429326   -16.27641927   -16.48984357   -17.96055682   -15.01913033   -16.48418986   -16.96212646   -15.99699566
    2.43164139   -13.47742994   -13.87087317   -15.33133684   -12.41040950   -13.85798673   -14.61328946   -13.10120688
    2.59010104   -10.90685796   -11.43586491   -12.93459575    -9.93713407   -11.44037398   -12.43886776   -10.45359161
    2.74968007    -9.29224386    -9.29658537   -10.80554171    -7.78762902    -9.29781931    -9.54842621    -9.04898279
    2.91038639    -7.10650483    -7.49917299    -8.96178081    -6.03656517    -7.50331212    -8.27030827    -6.74192733
    3.07222795    -6.16809252    -6.03524938    -7.40427738    -4.66622139    -6.03758454    -6.44678300    -5.63348782
    3.23521278    -5.08888614    -4.86506217    -6.11473049    -3.61539386    -4.87007615    -5.41088356    -4.33139055
    3.39934895    -3.87839659    -3.93793721    -5.06131908    -2.81455534    -3.94010547    -4.34777462    -3.55063795
    3.56464460    -3.39630736    -3.20469083    -4.20700646    -2.20237520    -3.20089333    -3.74600682    -2.67517625
    3.73110791    -3.07250853    -2.62306606    -3.51576714    -1.73036498    -2.61755676    -3.54451596    -1.68896346
    3.89874714    -2.32274543    -2.15899083    -2.95582148    -1.36216018    -2.16281668    -2.68529489    -1.65882971
    4.06757060    -2.42092464    -1.78590500    -2.50066719    -1.07114282    -1.78724687    -3.03282574    -0.53826772
    4.23758664    -1.91432711    -1.48345059    -2.12890400    -0.83799719    -1.48603596    -2.37608354    -0.58641770
    4.40880369     2.77651404    -1.23612870    -1.82355242    -0.64870499    -1.26554393    -8.78263286     6.42105801
    0.18386124   -28.81895055   -29.25945544   -31.70512005   -26.81379084   -29.24926268   -30.27406410   -28.27665087
    0.32644232   -30.78778003   -30.71130946   -32.98160800   -28.44101091   -30.70530011   -31.20862215   -30.20874435
    0.47003061   -31.67544006   -31.29064056   -33.53039868   -29.05088244   -31.29270563   -32.38240958   -30.21656989
    0.61463322   -32.26584293   -31.47071190   -33.71675997   -29.22466382   -31.45965687   -32.17673906   -30.76927995
    0.76025732   -32.24351094   -31.39218397   -33.66075873   -29.12360921   -31.39145105   -31.99824265   -30.80300519
    0.90691013   -31.72535140   -31.10214335   -33.39972700   -28.80455971   -31.10332304   -32.08137380   -30.15766844
    1.05459890   -30.95441423   -30.60851506   -32.93349263   -28.28353750   -30.61637464   -31.04575028   -30.19343325
    1.20333097   -29.97141080   -29.89751024   -32.23883966   -27.55618083   -29.90325577   -30.14371986   -29.67620493
    1.35311370   -29.00816336   -28.94108019   -31.27533914   -26.60682125   -28.94631796   -29.18993270   -28.71792069
    1.50395451   -27.54435405   -27.70258475   -29.99065017   -25.41451933   -27.70576249   -27.97481520   -27.44817209
    1.65586088   -25.87746743   -26.14500844   -28.33124160   -23.95877528   -26.14714333   -26.55835763   -25.75025788
    1.80884033   -24.02657149   -24.24486501   -26.26468627   -22.22504374   -24.24466383   -24.60678212   -23.89917434
    1.96290045   -21.57024490   -22.01237633   -23.81624558   -20.20850707   -22.01103285   -22.28023559   -21.73415664
    2.11804886   -18.87973641   -19.51207483   -21.10620748   -17.91794219   -19.49783731   -20.41102684   -18.58506364
    2.27429326   -16.38954663   -16.86960624   -18.34031948   -15.39889299   -16.86774221   -17.34971164   -16.37914588
    2.43164139   -13.62249531   -14.25063583   -15.71109950   -12.79017216   -14.25070232   -15.01832169   -13.47894822
    2.59010104   -11.28878714   -11.81562757   -13.31435841   -10.31689673   -11.82119275   -12.80119738   -10.83016794
    2.74968007    -9.48556433    -9.67634803   -11.18530438    -8.16739169    -9.67780982    -9.92146240    -9.42932138
    2.91038639    -7.60619560    -7.87893565    -9.34154347    -6.41632783    -7.87957944    -8.66015489    -7.12180869
    3.07222795    -5.92528825    -6.41501204    -7.78404004    -5.04598405    -6.41565340    -6.82338000    -6.02325426
    3.23521278    -5.02305377    -5.24482483    -6.49449315    -3.99515652    -5.24545174    -5.81442068    -4.70777243
    3.39934895    -4.43210827    -4.31769987    -5.44108174    -3.19431800    -4.31951568    -4.71371017    -3.94270138
    3.56464460    -3.80071233    -3.58445349    -4.58676912    -2.58213786    -3.58847591    -4.12259966    -3.06160313
    3.73110791    -3.11623804    -3.00282872    -3.89552980    -2.11012765    -3.01189193    -3.94865303    -2.08733718
    3.89874714    -3.02118036    -2.53875349    -3.33558414    -1.74192284    -2.54161215    -3.05622024    -2.04746586
    4.06757060    -2.44682459    -2.16566766    -2.88042985    -1.45090548    -2.16606962    -3.40536687    -0.88578965
    4.23758664    -2.10179792    -1.86321326    -2.50866666    -1.21775985    -1.86173284    -2.75918616    -0.94061464
    4.40880369    -2.17327392    -1.61589136    -2.20331508    -1.02846765    -1.60834325    -9.07885056     5.91044258
    0.16853947   -29.00291683   -29.64471340   -32.11760210   -27.17182470   -29.64204986   -30.64249898   -28.64790830
    0.29923879   -30.60281498   -31.09777955   -33.38053429   -28.81502481   -31.08891784   -31.58466610   -30.60212201
    0.43086139   -31.46633259   -31.71870503   -33.96326181   -29.47414825   -31.69588091   -32.79758441   -30.60739539
    0.56341378   -31.95337791   -31.95723811   -34.20182733   -29.71264889   -31.94835082   -32.66237075   -31.23480577
    0.69690254   -31.81453884   -31.95467160   -34.21648926   -29.69285395   -31.95001690   -32.55122100   -31.35082826
    0.83133428   -31.30922718   -31.76360812   -34.05088982   -29.47632642   -31.76508345   -32.75654518   -30.78522899
    0.96671566   -31.04380361   -31.40008440   -33.71463449   -29.08553430   -31.40448238   -31.83717290   -30.97768773
    1.10305339   -30.43820810   -30.86065625   -33.19765008   -28.52366242   -30.86554299   -31.11634675   -30.62493159
    1.24035423   -29.53346308   -30.12931577   -32.47569916   -27.78293237   -30.13451339   -30.38267709   -29.90103549
    1.37862497   -29.06839743   -29.18137693   -31.51346239   -26.84929147   -29.18775269   -29.45377027   -28.92798798
    1.51787247   -28.17250848   -27.98744355   -30.26868917   -25.70619792   -27.98952003   -28.38130877   -27.60664323
    1.65810364   -26.59982304   -26.51959431   -28.70075953   -24.33842910   -26.52227868   -26.84740847   -26.19386809
    1.79932541   -25.08428352   -24.76136118   -26.78707798   -22.73564438   -24.76229366   -24.96965114   -24.55096768
    1.94154479   -23.26954601   -22.72146250   -24.54825410   -20.89467090   -22.70958219   -23.63894970   -21.78464876
    2.08476882   -21.47871650   -20.44759029   -22.07358145   -18.82159913   -20.44645825   -20.91638109   -19.97299714
    2.22900461   -18.74781883   -18.03200594   -19.51932124   -16.54469064   -18.03073991   -18.80751716   -17.25425525
    2.37425929   -16.56068495   -15.60029609   -17.04866331   -14.15192887   -15.59789750   -16.60775328   -14.61429365
    2.52054007   -13.97625233   -13.28332169   -14.75910841   -11.80753496   -13.28255108   -13.54037566   -13.01877271
    2.66785419   -12.01670426   -11.18539064   -12.68827646    -9.68250482   -11.18553149   -11.96689117   -10.40612352
    2.81620895    -9.86053620    -9.36531403   -10.85387739    -7.87675067    -9.36770988    -9.75045978    -8.99358097
    2.96561171    -7.97751640    -7.83662856    -9.26383539    -6.40942172    -7.83517867    -8.37965654    -7.31467310
    3.11606987    -6.71569019    -6.58060288    -7.91261360    -5.24859217    -6.58030645    -6.97607677    -6.21644219
    3.26759088    -5.52341847    -5.56187860    -6.78177079    -4.34198640    -5.56294141    -6.11529876    -5.04016829
    3.42018225    -4.86661647    -4.74045642    -5.84486451    -3.63604833    -4.75333037    -5.69321561    -3.80962635
    3.57385155    -4.61590651    -4.07861403    -5.07281931    -3.08440875    -4.08045195    -4.61561363    -3.58080632
    3.72860638    -3.92102723    -3.54388404    -4.43771559    -2.65005248    -3.54978224    -4.82500882    -2.29481572
    3.88445442    -3.32152277    -3.10969978    -3.91476533    -2.30463423    -3.10877810    -4.04575081    -2.21552864
    4.04140338    -3.12223743    -2.75492864    -3.48297478    -2.02688251    -2.72576851   -10.13811326     4.87333924
