# Experiment 0 Ligand    55.00000000 uM Receptor     3.00000000 uM Volume  1420.60000000 uL
# Guess_cost        11.30111391 (kcal_mol^-1)^2 Guess_chi_sq         0.56505570
# Fit_cost           1.91374812 (kcal_mol^-1)^2 Fit_chi_sq           0.09568741
# Bootstrap_cost     1.91420652 (kcal_mol^-1)^2 Bootstrap_chi_sq     0.09571033
# Parameter Fit_value Confidence_lower Confidence_upper Bootstrap_value Bootstrap_lower Bootstrap_upper
# Offset_1_(kcal_mol^-1)     -0.45086133    -0.64940879    -0.25231386    -0.45046156    -0.52549941    -0.37675001
# Eta                         1.02427010     1.01452816     1.03401205     1.02431599     1.02142722     1.02720122
# DeltaH_A1_(kcal_mol^-1)   -36.92309450   -38.38316094   -35.46302807   -36.92261670   -37.29487672   -36.55996256
# DeltaH_B1_(kcal_mol^-1)   -29.80195905   -31.87630074   -27.72761737   -29.79977408   -30.18792852   -29.33143663
# DeltaH_A2_(kcal_mol^-1)   -46.43912124   -49.43118716   -43.44705531   -46.44513071   -47.11106895   -45.85248564
# DeltaH_B2_(kcal_mol^-1)   -39.31798579   -40.90473438   -37.73123719   -39.31912486   -39.70762117   -38.93437322
# DeltaG_A1_(kcal_mol^-1)     0.31116732     0.16917989     0.45315474     0.31102148     0.25526263     0.36550733
# DeltaG_B1_(kcal_mol^-1)     0.74631464     0.40646875     1.08616054     0.74595269     0.64022784     0.83379085
# DeltaG_A2_(kcal_mol^-1)    -1.23687109    -1.51729301    -0.95644916    -1.23689553    -1.31103533    -1.14860486
# DeltaG_B2_(kcal_mol^-1)    -0.80172376    -0.93094585    -0.67250167    -0.80227873    -0.85308020    -0.75376523
# KD_A1_(uM)                  1.65677042     1.31586604     2.08599367     1.65637843     1.51310616     1.80947556
# KD_B1_(uM)                  3.35649876     1.93381960     5.82581948     3.35452818     2.82574526     3.86835316
# KD_A2_(uM)                  0.13441435     0.08528013     0.21185727     0.13440901     0.11917528     0.15511076
# KD_B2_(uM)                  0.27231388     0.22080767     0.33583458     0.27206879     0.25054270     0.29434963
# Alpha                      12.32584522     7.40172693    20.52581265    12.31626124     9.89242008    15.02922017
# KD_1_(uM)                   1.10924582     0.83525850     1.47310836     1.10797603     0.98924736     1.22669585
# KD_2_(uM)                   0.40672823     0.33110714     0.49962030     0.40679006     0.37216086     0.44526745
# Gamma                      10.90896319     7.41977279    16.03896523    10.89341219     8.96810591    13.07755920
# Stoichiometric_ratio Target_enthalpy_(kcal_mol^-1) Fit_enthalpy Confidence_lower Confidence_upper Bootstrap_enthalpy Bootstrap_lower Bootstrap_upper
    0.16853947   -29.00291683   -29.20810201   -30.49880627   -27.91739775   -29.20980820   -29.49225745   -28.91768049
    0.29923879   -30.60281498   -30.76932035   -31.95956756   -29.57907314   -30.76988652   -31.07388338   -30.47661082
    0.43086139   -31.46633259   -31.38852852   -32.55452002   -30.22253702   -31.38796094   -31.57045608   -31.21020793
    0.56341378   -31.95337791   -31.61264682   -32.77379775   -30.45149590   -31.61070112   -32.21579042   -30.98442870
    0.69690254   -31.81453884   -31.60031556   -32.76497104   -30.43566007   -31.59602897   -31.99785645   -31.20960351
    0.83133428   -31.30922718   -31.40972920   -32.58172769   -30.23773071   -31.41181212   -31.61769160   -31.19375483
    0.96671566   -31.04380361   -31.06023032   -32.24049727   -29.87996338   -31.06124738   -31.17275039   -30.94635486
    1.10305339   -30.43820810   -30.55145764   -31.73813531   -29.36477997   -30.55423468   -30.78456431   -30.32700972
    1.24035423   -29.53346308   -29.87069394   -31.05854512   -28.68284276   -29.87345880   -30.46371543   -29.28205750
    1.37862497   -29.06839743   -28.99649163   -30.17584924   -27.81713402   -29.00131340   -29.17622983   -28.82281765
    1.51787247   -28.17250848   -27.90172196   -29.05732596   -26.74611795   -27.90011339   -28.39363252   -27.41615140
    1.65810364   -26.59982304   -26.55801866   -27.66852483   -25.44751250   -26.55981994   -26.71884168   -26.39746182
    1.79932541   -25.08428352   -24.94324965   -25.98302989   -23.90346940   -24.94437835   -25.24167742   -24.65035106
    1.94154479   -23.26954601   -23.05284909   -23.99860319   -22.10709499   -23.05132330   -23.46524077   -22.64861445
    2.08476882   -21.47871650   -20.91345317   -21.75747748   -20.06942886   -20.91619044   -21.88145677   -19.90864239
    2.22900461   -18.74781883   -18.59312760   -19.35840221   -17.82785299   -18.59310881   -18.90784382   -18.27086315
    2.37425929   -16.56068495   -16.19938537   -16.93686470   -15.46190605   -16.19625230   -16.84154536   -15.54250296
    2.52054007   -13.97625233   -13.85974853   -14.61455554   -13.10494152   -13.86061552   -14.12432045   -13.59059901
    2.66785419   -12.01670426   -11.69105701   -12.47320015   -10.90891387   -11.69258326   -12.27171352   -11.12103039
    2.81620895    -9.86053620    -9.77331515   -10.56346172    -8.98316857    -9.77108975    -9.99323953    -9.55043158
    2.96561171    -7.97751640    -8.14046519    -8.91042365    -7.37050673    -8.14152973    -8.46563180    -7.81238596
    3.11606987    -6.71569019    -6.78775870    -7.51451604    -6.06100136    -6.78647407    -6.98984816    -6.57784863
    3.26759088    -5.52341847    -5.68667405    -6.35695493    -5.01639317    -5.69027178    -6.01631566    -5.36043702
    3.42018225    -4.86661647    -4.79884961    -5.40814907    -4.18955015    -4.79767806    -4.99756123    -4.60095823
    3.57385155    -4.61590651    -4.08534853    -4.63516882    -3.53552825    -4.09040756    -5.03239584    -3.12686449
    3.72860638    -3.92102723    -3.51135284    -4.00657371    -3.01613198    -3.50863411    -4.26650668    -2.75908944
    3.88445442    -3.32152277    -3.04777733    -3.49476301    -2.60079165    -3.04541979    -3.55259463    -2.53418600
    4.04140338    -3.12223743    -2.67123883    -3.07666856    -2.26580909    -2.67700728    -3.51978159    -1.85523818
