# Experiment 0 Ligand    81.00000000 uM Receptor     3.00000000 uM Volume  1420.60000000 uL
# Guess_cost        15.69375846 (kcal_mol^-1)^2 Guess_chi_sq         0.65390660
# Fit_cost           0.21737498 (kcal_mol^-1)^2 Fit_chi_sq           0.00905729
# Bootstrap_cost     0.21742773 (kcal_mol^-1)^2 Bootstrap_chi_sq     0.00905949
# Parameter Fit_value Confidence_lower Confidence_upper Bootstrap_value Bootstrap_lower Bootstrap_upper
# Offset_1_(kcal_mol^-1)     -0.16104330    -0.28724806    -0.03483854    -0.16090588    -0.20418441    -0.06088383
# Eta                         1.59984371     1.42691195     1.77277546     1.60249083     1.52077199     1.68733985
# DeltaH_(kcal_mol^-1)       -0.94989385    -1.15913248    -0.74065522    -0.95091174    -1.28085097    -0.78679400
# DeltaG_(kcal_mol^-1)       -0.64837813    -1.30971760     0.01296134    -0.64911973    -1.04698181    -0.05489828
# KD_(uM)                     0.33476149     0.10964031     1.02211728     0.33434274     0.17082717     0.91150547
# Stoichiometric_ratio Target_enthalpy_(kcal_mol^-1) Fit_enthalpy Confidence_lower Confidence_upper Bootstrap_enthalpy Bootstrap_lower Bootstrap_upper
    0.24820922    -0.69572946    -1.07545571    -1.31619785    -0.83471356    -1.07640246    -1.73432187    -0.47089928
    0.44067795    -0.99245778    -1.07039205    -1.31104522    -0.82973889    -1.07135536    -1.25885892    -0.89894017
    0.63448458    -1.09471561    -1.06427962    -1.30493340    -0.82362585    -1.06526422    -1.21068850    -0.94723156
    0.82962910    -1.14475302    -1.05684870    -1.29764922    -0.81604819    -1.05786099    -1.24573380    -0.87143134
    1.02611150    -1.15876250    -1.04774096    -1.28891458    -0.80656734    -1.04878957    -1.27435945    -0.83243117
    1.22393180    -1.15754237    -1.03647741    -1.27835894    -0.79459588    -1.03757405    -1.26801512    -0.80425360
    1.42308998    -1.12118742    -1.02241604    -1.26547388    -0.77935820    -1.02357660    -1.21072914    -0.82647524
    1.62358606    -1.08111986    -1.00469945    -1.24953575    -0.75986314    -1.00594520    -1.15337433    -0.84783604
    1.82542002    -1.03162740    -0.98219867    -1.22947365    -0.73492369    -0.98355751    -1.08188136    -0.87313994
    2.02859187    -0.96760272    -0.95347590    -1.20366110    -0.70329071    -0.95498247    -0.99878943    -0.89380131
    2.23310161    -0.89494414    -0.91682151    -1.16965665    -0.66398638    -0.91851450    -0.96337250    -0.85952734
    2.43894924    -0.82964081    -0.87047432    -1.12409491    -0.61685372    -0.87238751    -0.93915773    -0.79089229
    2.64613476    -0.75749371    -0.81317357    -1.06328949    -0.56305765    -0.81531716    -0.90784813    -0.71160281
    2.85465817    -0.70859656    -0.74509633    -0.98532052    -0.50487213    -0.74743076    -0.81186904    -0.67404948
    3.06451947    -0.65072676    -0.66883383    -0.89328884    -0.44437883    -0.67125236    -0.71174285    -0.62426594
    3.27571866    -0.57425341    -0.58952231    -0.79650361    -0.38254102    -0.59186733    -0.62805866    -0.55425387
    3.48825573    -0.51840086    -0.51343828    -0.70599417    -0.32088239    -0.51555511    -0.54314624    -0.48702192
    3.70213070    -0.47306134    -0.44574450    -0.62802183    -0.26346716    -0.44753547    -0.49653878    -0.39887500
    3.91734355    -0.42505997    -0.38904199    -0.56326977    -0.21481422    -0.39048256    -0.45719975    -0.32728899
    4.13389429    -0.37459052    -0.34347429    -0.51024158    -0.17670699    -0.34459313    -0.40245545    -0.28742245
    4.35178293    -0.33114357    -0.30771666    -0.46730553    -0.14812778    -0.30856634    -0.35578661    -0.26338778
    4.57100945    -0.29801797    -0.27993978    -0.43295663    -0.12692294    -0.28057583    -0.31856898    -0.24554775
    4.79157386    -0.26725161    -0.25837855    -0.40573889    -0.11101820    -0.25884952    -0.28059904    -0.23791254
    5.01347616    -0.23612838    -0.24155677    -0.38427991    -0.09883363    -0.24190156    -0.25923688    -0.22436397
    5.23671635    -0.21651250    -0.22832203    -0.36736683    -0.08927723    -0.22857046    -0.25448331    -0.20134231
    5.46129443    -0.19391388    -0.21780420    -0.35398949    -0.08161891    -0.21797871    -0.26028265    -0.17288368
    5.68721040    -0.18634208    -0.20935559    -0.34334184    -0.07536934    -0.20947295    -0.25123279    -0.16396202
    5.91446425    -0.17359861    -0.20249579    -0.33479816    -0.07019341    -0.20256852    -0.25218784    -0.14761952
