# Experiment 0 Ligand    81.00000000 uM Receptor     3.00000000 uM Volume  1420.60000000 uL
# Guess_cost        16.19067939 (kcal_mol^-1)^2 Guess_chi_sq         0.67461164
# Fit_cost           0.20003512 (kcal_mol^-1)^2 Fit_chi_sq           0.00833480
# Bootstrap_cost     0.20008851 (kcal_mol^-1)^2 Bootstrap_chi_sq     0.00833702
# Parameter Fit_value Confidence_lower Confidence_upper Bootstrap_value Bootstrap_lower Bootstrap_upper
# Offset_1_(kcal_mol^-1)     -0.15303206    -0.27504501    -0.03101910    -0.15257556    -0.19526237    -0.06278954
# Eta                         1.61265483     1.45070372     1.77460594     1.61697622     1.54012831     1.69007176
# DeltaH_(kcal_mol^-1)       -0.97460780    -1.17494529    -0.77427031    -0.97472269    -1.26965585    -0.81631575
# DeltaG_(kcal_mol^-1)       -0.65734105    -1.27500129    -0.03968081    -0.65845359    -1.03876567    -0.12306974
# KD_(uM)                     0.32973544     0.11625657     0.93521995     0.32911686     0.17321258     0.81243617
# Stoichiometric_ratio Target_enthalpy_(kcal_mol^-1) Fit_enthalpy Confidence_lower Confidence_upper Bootstrap_enthalpy Bootstrap_lower Bootstrap_upper
    0.24820922    -0.72502424    -1.09205977    -1.32320139    -0.86091816    -1.09187802    -1.71483646    -0.51498960
    0.44067795    -1.01358762    -1.08701210    -1.31805649    -0.85596771    -1.08686451    -1.26476467    -0.92375146
    0.63448458    -1.11451764    -1.08092373    -1.31194934    -0.84989811    -1.08081949    -1.21743278    -0.96470978
    0.82962910    -1.16127786    -1.07352854    -1.30466486    -0.84239222    -1.07347987    -1.26624682    -0.89069660
    1.02611150    -1.16618278    -1.06447307    -1.29592262    -0.83302352    -1.06449634    -1.26924794    -0.85984112
    1.22393180    -1.15859553    -1.05328469    -1.28534987    -0.82121951    -1.05340196    -1.26052491    -0.84612611
    1.42308998    -1.14121840    -1.03932929    -1.27243827    -0.80622032    -1.03957034    -1.23681288    -0.83992580
    1.62358606    -1.10268592    -1.02175804    -1.25647150    -0.78704459    -1.02216284    -1.17512326    -0.85878626
    1.82542002    -1.04013418    -0.99944836    -1.23640341    -0.76249331    -1.00006964    -1.08485705    -0.90578275
    2.02859187    -0.97479058    -0.97095903    -1.21066519    -0.73125286    -0.97186363    -1.00647234    -0.91933618
    2.23310161    -0.91863153    -0.93455089    -1.17691682    -0.69218496    -0.93581688    -0.97234632    -0.88450441
    2.43894924    -0.85970318    -0.88837825    -1.13190870    -0.64484780    -0.89008214    -0.94000607    -0.82600509
    2.64613476    -0.78710710    -0.83100546    -1.07195316    -0.59005775    -0.83319269    -0.90699662    -0.74933060
    2.85465817    -0.71266708    -0.76233656    -0.99477919    -0.52989392    -0.76497571    -0.84765415    -0.67269087
    3.06451947    -0.66540170    -0.68467506    -0.90271437    -0.46663575    -0.68761892    -0.72949380    -0.63923224
    3.27571866    -0.58963571    -0.60304377    -0.80438661    -0.40170094    -0.60604173    -0.63960644    -0.56868892
    3.48825573    -0.53252288    -0.52392960    -0.71101791    -0.33684129    -0.52670952    -0.55425936    -0.49627897
    3.70213070    -0.47865142    -0.45295043    -0.62978174    -0.27611911    -0.45531692    -0.50129452    -0.40693714
    3.91734355    -0.43017170    -0.39315676    -0.56207663    -0.22423690    -0.39503347    -0.46004594    -0.32976727
    4.13389429    -0.37328415    -0.34495645    -0.50662891    -0.18328400    -0.34636284    -0.40050022    -0.29333193
    4.35178293    -0.31693830    -0.30709426    -0.46178706    -0.15240146    -0.30809850    -0.33578342    -0.28241066
    4.57100945    -0.29597049    -0.27769359    -0.42596683    -0.12942035    -0.27837559    -0.31466053    -0.24220166
    4.79157386    -0.25585292    -0.25489956    -0.39762712    -0.11217200    -0.25533198    -0.26917381    -0.24247155
    5.01347616    -0.24046669    -0.23714528    -0.37531757    -0.09897299    -0.23738726    -0.25186573    -0.22304791
    5.23671635    -0.21385937    -0.22320242    -0.35775948    -0.08864535    -0.22329963    -0.24469207    -0.20053206
    5.46129443    -0.19501811    -0.21214242    -0.34389039    -0.08039444    -0.21212924    -0.24447101    -0.17661434
    5.68721040    -0.18399624    -0.20327433    -0.33286442    -0.07368423    -0.20317640    -0.23937259    -0.16303693
    5.91446425    -0.16540461    -0.19608621    -0.32402639    -0.06814604    -0.19592262    -0.24778916    -0.14219144
