# Experiment 0 Ligand    60.00000000 uM Receptor     3.00000000 uM Volume  1420.60000000 uL
# Guess_cost        33.42204063 (kcal_mol^-1)^2 Guess_chi_sq         1.67110203
# Fit_cost          20.35979137 (kcal_mol^-1)^2 Fit_chi_sq           1.01798957
# Bootstrap_cost    20.27598565 (kcal_mol^-1)^2 Bootstrap_chi_sq     1.01379928
# Parameter Fit_value Confidence_lower Confidence_upper Bootstrap_value Bootstrap_lower Bootstrap_upper
# Offset_1_(kcal_mol^-1)      0.06220714    -0.55562041     0.68003470     0.06307883    -0.41693864     0.56183486
# Eta                         1.00798399     0.97579167     1.04017630     1.00810117     1.00051861     1.01572201
# DeltaH_A1_(kcal_mol^-1)   -35.93112052   -40.60930175   -31.25293930   -35.94722371   -37.39385215   -34.80380917
# DeltaH_B1_(kcal_mol^-1)   -31.29376418   -37.78765621   -24.79987215   -31.31256722   -32.93870155   -29.33210591
# DeltaH_A2_(kcal_mol^-1)   -43.77752953   -53.27925671   -34.27580236   -43.84019530   -45.72895088   -41.96566910
# DeltaH_B2_(kcal_mol^-1)   -39.14017319   -44.26138457   -34.01896180   -39.13802768   -40.10697031   -38.09484028
# DeltaG_A1_(kcal_mol^-1)     0.15157067    -0.37624477     0.67938610     0.14928643    -0.02209065     0.33193397
# DeltaG_B1_(kcal_mol^-1)     0.45449152    -0.67722331     1.58620635     0.44885393     0.14294364     0.67851663
# DeltaG_A2_(kcal_mol^-1)    -1.12180142    -1.99857501    -0.24502782    -1.11986109    -1.27194222    -0.89942124
# DeltaG_B2_(kcal_mol^-1)    -0.81888056    -1.30205484    -0.33570629    -0.82120557    -0.92548301    -0.73020157
# KD_A1_(uM)                  1.27880237     0.54310175     3.01110336     1.27407166     0.96479256     1.71354471
# KD_B1_(uM)                  2.09052295     0.33327162    13.11328625     2.07148811     1.26102718     3.00685852
# KD_A2_(uM)                  0.16200515     0.03905846     0.67195857     0.16251598     0.12697930     0.23239554
# KD_B2_(uM)                  0.26483802     0.12092449     0.58002461     0.26384085     0.22277349     0.30582114
# Alpha                       7.89359075     1.50020487    41.53351070     7.78797709     4.51040391    12.91107674
# KD_1_(uM)                   0.79344244     0.27621600     2.27919779     0.78519550     0.55907683     1.07511230
# KD_2_(uM)                   0.42684317     0.20637664     0.88282810     0.42920254     0.36077599     0.51307249
# Gamma                       7.43544693     1.84996374    29.88484040     7.31103747     4.40055519    11.87274677
# Stoichiometric_ratio Target_enthalpy_(kcal_mol^-1) Fit_enthalpy Confidence_lower Confidence_upper Bootstrap_enthalpy Bootstrap_lower Bootstrap_upper
    0.18386124   -28.29645447   -29.42911462   -33.57740367   -25.28082557   -29.43662885   -30.77994534   -28.06968375
    0.32644232   -30.54732800   -30.61574856   -34.41961099   -26.81188613   -30.60491303   -31.18814786   -30.04584858
    0.47003061   -31.49857878   -31.06237823   -34.81747194   -27.30728453   -31.04928240   -31.89909666   -30.20830018
    0.61463322   -31.45123693   -31.16583907   -34.94230145   -27.38937670   -31.16542602   -31.76050511   -30.59677563
    0.76025732   -31.31357208   -31.04172262   -34.86831837   -27.21512688   -31.03913903   -31.58064093   -30.51108198
    0.90691013   -31.23357540   -30.72577411   -34.61453570   -26.83701253   -30.73691374   -31.65270582   -29.81703592
    1.05459890   -30.42278959   -30.21930337   -34.16959312   -26.26901361   -30.22497619   -30.62139489   -29.82769197
    1.20333097   -29.49049363   -29.50333669   -33.49951975   -25.50715363   -29.51055071   -29.68282125   -29.34612814
    1.35311370   -28.53076496   -28.54437233   -32.54986736   -24.53887730   -28.55028023   -28.70956638   -28.40637014
    1.50395451   -27.39999780   -27.29902035   -31.24872075   -23.34931995   -27.30312483   -27.52366396   -27.08659158
    1.65586088   -25.58392971   -25.72199920   -29.51822755   -21.92577085   -25.72410699   -25.99079371   -25.45733499
    1.80884033   -23.72561176   -23.78146005   -27.30553612   -20.25738398   -23.78164507   -23.95715032   -23.58485670
    1.96290045   -21.61452815   -21.48313551   -24.64103074   -18.32524027   -21.48054125   -21.77928727   -21.17574609
    2.11804886   -18.64714093   -18.89660036   -21.70176390   -16.09143682   -18.88991118   -19.35996172   -18.40584894
    2.27429326   -16.27641927   -16.16479932   -18.78412264   -13.54547601   -16.15875549   -16.45429610   -15.86628540
    2.43164139   -13.47742994   -13.47714937   -16.11052805   -10.84377069   -13.47168291   -13.68926312   -13.26555830
    2.59010104   -10.90685796   -11.01187634   -13.71801434    -8.30573834   -11.01068490   -11.27665869   -10.74104810
    2.74968007    -9.29224386    -8.88398333   -11.58519402    -6.18277264    -8.89092720    -9.61805276    -8.17296381
    2.91038639    -7.10650483    -7.13028592    -9.71523237    -4.54533948    -7.13379299    -7.45565100    -6.82389124
    3.07222795    -6.16809252    -5.72845903    -8.11729465    -3.33962341    -5.72042224    -6.60222232    -4.88576326
    3.23521278    -5.08888614    -4.62661944    -6.78418077    -2.46905810    -4.62767665    -5.56473046    -3.70520299
    3.39934895    -3.87839659    -3.76614060    -5.69113869    -1.84114251    -3.76721820    -4.29162929    -3.25985324
    3.56464460    -3.39630736    -3.09370390    -4.80411674    -1.38329107    -3.09854984    -3.82929296    -2.34951689
    3.73110791    -3.07250853    -2.56550244    -4.08759802    -1.04340686    -2.57120397    -3.65502886    -1.52490175
    3.89874714    -2.32274543    -2.14737256    -3.50915521    -0.78558991    -2.14623683    -2.76768567    -1.53345610
    4.06757060    -2.42092464    -1.81335956    -3.04123308    -0.58548605    -1.82900041    -3.07078066    -0.63317811
    4.23758664    -1.91432711    -1.54396842    -2.66132780    -0.42660904    -1.54266406    -2.42309797    -0.68905037
    4.40880369     2.77651404    -1.32459486    -2.35144934    -0.29774038    -1.31574497    -8.75113351     6.25257012
