# Experiment 0 Ligand    60.00000000 uM Receptor     3.00000000 uM Volume  1420.60000000 uL
# Guess_cost     11888.55065654 (kcal_mol^-1)^2 Guess_chi_sq       495.35627736
# Fit_cost          33.48710031 (kcal_mol^-1)^2 Fit_chi_sq           1.39529585
# Bootstrap_cost    33.49008419 (kcal_mol^-1)^2 Bootstrap_chi_sq     1.39542017
# Parameter Fit_value Confidence_lower Confidence_upper Bootstrap_value Bootstrap_lower Bootstrap_upper
# Offset_1_(kcal_mol^-1)      0.32168599    -1.20822250     1.85159448     0.33977151    -1.74801864     3.57731014
# Eta                         1.16173932     1.11674150     1.20673715     1.16218657     1.11725253     1.23390024
# DeltaH_(kcal_mol^-1)      -33.19522471   -35.79153774   -30.59891168   -33.23766363   -38.34050827   -29.95599314
# DeltaG_(kcal_mol^-1)       -0.84359943    -1.08822769    -0.59897117    -0.84103982    -1.08140141    -0.54053750
# KD_(uM)                     0.25442649     0.17107493     0.37838880     0.25548531     0.17298023     0.41601907
# Stoichiometric_ratio Target_enthalpy_(kcal_mol^-1) Fit_enthalpy Confidence_lower Confidence_upper Bootstrap_enthalpy Bootstrap_lower Bootstrap_upper
    0.18385868   -28.29645447   -31.57581809   -34.54404535   -28.60759083   -31.59386795   -37.14063873   -26.36280718
    0.32642811   -30.54732800   -31.38765705   -34.35520040   -28.42011370   -31.40493598   -33.27278574   -29.60369729
    0.46998858   -31.49857878   -31.15999933   -34.12821334   -28.19178533   -31.17638830   -32.47653191   -29.94813590
    0.61454007   -31.45123693   -30.88252477   -33.85356749   -27.91148204   -30.89788731   -32.30697569   -29.50246902
    0.76008260   -31.31357208   -30.54150271   -33.51865430   -27.56435113   -30.55568593   -32.14229550   -28.88581747
    0.90661615   -31.23357540   -30.11857198   -33.10658720   -27.13055676   -30.13141166   -32.25734925   -27.97403398
    1.05414073   -30.42278959   -29.58915848   -32.59451241   -26.58380455   -29.60049239   -31.18450576   -27.95286209
    1.20265634   -29.49049363   -28.92058739   -31.95124064   -25.88993414   -28.93028323   -30.09887442   -27.70986262
    1.35216298   -28.53076496   -28.07024903   -31.13412928   -25.00636879   -28.07825661   -28.99811217   -27.07447676
    1.50266065   -27.39999780   -26.98489075   -30.08572585   -23.88405565   -26.99132782   -27.80288248   -26.07628424
    1.65414934   -25.58392971   -25.60348716   -28.73254594   -22.47442837   -25.60875702   -26.02139302   -25.04171309
    1.80662907   -23.72561176   -23.86803370   -26.99251107   -20.74355632   -23.87293252   -24.34805276   -23.28401116
    1.96009982   -21.61452815   -21.74708264   -24.80259507   -18.69157021   -21.75277811   -22.20499727   -21.22501491
    2.11456161   -18.64714093   -19.27068101   -22.17367256   -16.36768946   -19.27839573   -20.37395458   -18.17507671
    2.27001442   -16.27641927   -16.55843746   -19.24706290   -13.86981202   -16.56882773   -17.23943913   -15.88219700
    2.42645826   -13.47742994   -13.80812527   -16.28241608   -11.33383447   -13.82074965   -14.66495512   -12.99728703
    2.58389313   -10.90685796   -11.23298626   -13.54312739    -8.92284512   -11.24640170   -12.16317419   -10.44681491
    2.74231903    -9.29224386    -8.98702931   -11.18145097    -6.79260765    -8.99948823    -9.87794130    -8.29876743
    2.90173596    -7.10650483    -7.13173401    -9.23128689    -5.03218113    -7.14187632    -7.74132923    -6.74918457
    3.06214392    -6.16809252    -5.65268805    -7.66195610    -3.64342000    -5.65980412    -6.65701164    -4.74558266
    3.22354291    -5.08888614    -4.49593355    -6.41872621    -2.57314088    -4.49986607    -5.70931639    -3.42100827
    3.38593293    -3.87839659    -3.59745149    -5.44207465    -1.75282833    -3.59837956    -4.51044251    -2.77701098
    3.54931397    -3.39630736    -2.89869863    -4.67674573    -1.12065153    -2.89695426    -4.22443105    -1.63386840
    3.71368605    -3.07250853    -2.35189581    -4.07571579    -0.62807584    -2.34785019    -4.02031445    -0.66285933
    3.87904915    -2.32274543    -1.92016183    -3.60109737    -0.23922629    -1.91416781    -3.31851060    -0.33998161
    4.04540328    -2.42092464    -1.57577404    -3.22338975     0.07184167    -1.56814291    -3.55300252     0.49118295
    4.21274844    -1.91432711    -1.29811227    -2.92007566     0.32385112    -1.28910839    -3.10101582     0.74559344
    4.38108463     2.77651404    -1.07186027    -2.67413857     0.53041804    -1.06170378    -6.68546819     4.95123735
