# Experiment 0 Ligand   160.00000000 uM Receptor     5.00000000 uM Volume  1420.60000000 uL
# Experiment 1 Ligand   172.00000000 uM Receptor     4.00000000 uM Volume  1420.60000000 uL
# Guess_cost      1851.42632168 (kcal_mol^-1)^2 Guess_chi_sq        36.30247690
# Fit_cost          31.64226219 (kcal_mol^-1)^2 Fit_chi_sq           0.62043651
# Bootstrap_cost    31.65071401 (kcal_mol^-1)^2 Bootstrap_chi_sq     0.62060224
# Parameter Fit_value Confidence_lower Confidence_upper Bootstrap_value Bootstrap_lower Bootstrap_upper
# Offset_1_(kcal_mol^-1)     -3.58457178    -4.52249879    -2.64664476    -3.58573612    -4.17454862    -2.82782731
# Offset_2_(kcal_mol^-1)     -3.62540124    -4.41623995    -2.83456253    -3.61245327    -3.95257100    -3.21033339
# Eta                         2.92764797     2.58209355     3.27320239     2.92989967     2.70024926     3.16644468
# DeltaH_(kcal_mol^-1)       -2.80522165    -3.83771170    -1.77273161    -2.81377650    -3.65544918    -2.14990132
# DeltaG_(kcal_mol^-1)       -0.93918305    -2.19576922     0.31740311    -0.96081956    -1.55323341    -0.41202061
# KD_(uM)                     0.20491511     0.02457479     1.70866968     0.19756696     0.07268954     0.49886929
# Stoichiometric_ratio Target_enthalpy_(kcal_mol^-1) Fit_enthalpy Confidence_lower Confidence_upper Bootstrap_enthalpy Bootstrap_lower Bootstrap_upper
    0.29417389    -3.82632694    -6.36875094    -7.75863051    -4.97887138    -6.37917130   -11.18790887    -1.69411495
    0.52228498    -4.85844516    -6.36651164    -7.75592665    -4.97709664    -6.37700057    -9.16121672    -3.53862638
    0.75198173    -5.66806985    -6.36385006    -7.75272163    -4.97497850    -6.37441661    -7.69882090    -4.98673398
    0.98326412    -6.22965989    -6.36071156    -7.74895687    -4.97246625    -6.37136657    -6.85085043    -5.88973754
    1.21613215    -6.54201595    -6.35702772    -7.74456026    -4.96949517    -6.36778427    -6.91806574    -5.82518589
    1.45058584    -7.05842927    -6.35271205    -7.73944240    -4.96598170    -6.36358602    -7.70708150    -5.00261265
    1.68662517    -7.25083487    -6.34765399    -7.73349153    -4.96181645    -6.35866481    -8.12277341    -4.60805281
    1.92425014    -7.30002395    -6.34171055    -7.72656686    -4.95685424    -6.35288218    -8.16740163    -4.48105858
    2.16346076    -7.31280339    -6.33469434    -7.71848943    -4.95089924    -6.34605659    -8.17047816    -4.44392654
    2.40425703    -7.28144667    -6.32635641    -7.70902994    -4.94368289    -6.33794672    -8.16476312    -4.52447561
    2.64663895    -7.17288563    -6.31636090    -7.69789190    -4.93482989    -6.32822671    -7.96238592    -4.68201615
    2.89060651    -7.08217038    -6.30424707    -7.68468872    -4.92380543    -6.31644915    -7.83330540    -4.81185901
    3.13615972    -6.96866885    -6.28937159    -7.66891198    -4.90983120    -6.30198843    -7.60281386    -4.95627743
    3.38329857    -6.78525435    -6.27081862    -7.64988709    -4.89175015    -6.28395249    -7.31073388    -5.24752405
    3.63202307    -6.65419243    -6.24725800    -7.62670954    -4.86780646    -6.26104276    -7.08139716    -5.40796027
    3.88233322    -6.44270430    -6.21671794    -7.59814615    -4.83528972    -6.23132841    -6.74910872    -5.67011178
    4.13422901    -6.18811092    -6.17621934    -7.56245864    -4.78998004    -6.19188011    -6.48237400    -5.83061280
    4.38771046    -6.01899877    -6.12119611    -7.51701735    -4.72537488    -6.13818166    -6.46813345    -5.73850445
    4.64277754    -5.76946604    -6.04463044    -7.45730974    -4.63195113    -6.06323324    -6.60520341    -5.44595542
    4.89943028    -5.57678204    -5.93598931    -7.37435865    -4.49761996    -5.95639687    -6.63117595    -5.20547337
    5.15766865    -5.30765916    -5.78074343    -7.24924767    -4.31223919    -5.80271014    -6.63607490    -4.88853695
    5.41749268    -5.04194230    -5.56315020    -7.04803894    -4.07826146    -5.58538235    -6.46998520    -4.57654450
    5.67890235    -4.83397802    -5.27710716    -6.73755958    -3.81665475    -5.29677894    -6.03594488    -4.47255831
    5.94189767    -4.67349353    -4.94367902    -6.33838823    -3.54896980    -4.95741795    -5.46409436    -4.40910514
    6.20647864    -4.38171428    -4.61310034    -5.93321888    -3.29298180    -4.61958042    -5.09390297    -4.14540469
    6.47264525    -4.16706063    -4.33411076    -5.58137132    -3.08685020    -4.33496030    -4.75708075    -3.93433738
    6.74039751    -3.95919926    -4.12499972    -5.29748627    -2.95251318    -4.12286516    -4.56763832    -3.70424315
    7.00973541    -3.70518927    -3.97783426    -5.08234663    -2.87332188    -3.97466253    -4.57436722    -3.39218538
    0.39529616    -3.70520259    -6.40380756    -7.69777169    -5.10984342    -6.40030677   -11.15363725    -1.85882919
    0.70182045    -4.63239064    -6.40013960    -7.69337057    -5.10690863    -6.39675463    -9.18073048    -3.55334425
    1.01047544    -5.50865544    -6.39566851    -7.68804761    -5.10328940    -6.39242081    -7.74831463    -5.04613925
    1.32126116    -5.95914019    -6.39021498    -7.68162050    -5.09880947    -6.38713172    -6.94749996    -5.86289799
    1.63417758    -6.46704952    -6.38353571    -7.67384981    -5.09322162    -6.38065168    -7.00154532    -5.80271746
    1.94922472    -6.77188673    -6.37529444    -7.66441758    -5.08617131    -6.37265482    -7.76880061    -4.98478695
    2.26640257    -6.80762758    -6.36501702    -7.65289656    -5.07713748    -6.36268117    -8.12495606    -4.69274703
    2.58571113    -6.85755312    -6.35201972    -7.63870601    -5.06533344    -6.35006681    -8.21785039    -4.52898111
    2.90715040    -6.87220450    -6.33529217    -7.62104729    -5.04953706    -6.33382911    -8.21184848    -4.47640197
    3.23072039    -6.83021681    -6.31330088    -7.59880862    -5.02779314    -6.31247372    -8.07669921    -4.50606492
    3.55642109    -6.73407595    -6.28365173    -7.57041603    -4.99688742    -6.28366102    -7.88833692    -4.64387963
    3.88425250    -6.65389834    -6.24249979    -7.53356545    -4.95143413    -6.24361848    -7.75569882    -4.75692471
    4.21421462    -6.45127753    -6.18351847    -7.48460064    -4.88243631    -6.18610173    -7.47967421    -4.83702272
    4.54630746    -6.29822608    -6.09618481    -7.41666773    -4.77570189    -6.10063088    -7.08254964    -5.08612922
    4.88053100    -6.11573541    -5.96344052    -7.31399892    -4.61288213    -5.96997592    -6.73960991    -5.14568344
    5.21688527    -5.83718377    -5.76080645    -7.13871716    -4.38289573    -5.76882200    -6.25964662    -5.21662611
    5.55537024    -5.65823651    -5.46532197    -6.82642915    -4.10421479    -5.47219455    -5.83239508    -5.01605949
    5.89598592    -5.40869149    -5.08594794    -6.36159693    -3.81029895    -5.08708700    -5.53424012    -4.59790946
    6.23873232    -5.12738601    -4.68990713    -5.87086551    -3.50894875    -4.68256796    -5.29796156    -4.08781406
    6.58360943    -4.91020559    -4.35960486    -5.46383404    -3.25537567    -4.34570896    -5.06116442    -3.67573934
    6.93061726    -4.68442420    -4.12589111    -5.14872029    -3.10306192    -4.10902392    -5.02343437    -3.26598341
    7.27975579    -4.36160754    -3.97283407    -4.92049841    -3.02516974    -3.95531699    -4.93455513    -3.02748776
    7.63102504    -4.19397082    -3.87394204    -4.76585004    -2.98203404    -3.85673074    -4.67496705    -3.07390823
    7.98442500    -3.96618246    -3.80885826    -4.66414949    -2.95356703    -3.79221705    -4.32778809    -3.28846324
    8.33995567    -3.74159814    -3.76471836    -4.59710394    -2.93233277    -3.74865025    -4.21797295    -3.32392839
    8.69761705    -3.53700127    -3.73380618    -4.55198515    -2.91562722    -3.71823650    -4.10649128    -3.36824404
    9.05740915    -3.34059920    -3.71148984    -4.52075841    -2.90222126    -3.69633246    -4.08876833    -3.34001089
    9.41933196    -3.09942518    -3.69493005    -4.49849754    -2.89136256    -3.68010807    -4.18105060    -3.19858418
