# Experiment 0 Ligand    81.00000000 uM Receptor     3.00000000 uM Volume  1420.60000000 uL
# Experiment 1 Ligand    81.00000000 uM Receptor     3.00000000 uM Volume  1420.60000000 uL
# Guess_cost        31.88443785 (kcal_mol^-1)^2 Guess_chi_sq         0.62518506
# Fit_cost           0.41865856 (kcal_mol^-1)^2 Fit_chi_sq           0.00820899
# Bootstrap_cost     0.41867822 (kcal_mol^-1)^2 Bootstrap_chi_sq     0.00820938
# Parameter Fit_value Confidence_lower Confidence_upper Bootstrap_value Bootstrap_lower Bootstrap_upper
# Offset_1_(kcal_mol^-1)     -0.15236250    -0.24092774    -0.06379725    -0.15134175    -0.19096313    -0.09273654
# Offset_2_(kcal_mol^-1)     -0.16158118    -0.25014642    -0.07301593    -0.16080679    -0.20023547    -0.10358321
# Eta                         1.60644193     1.49138066     1.72150321     1.60834608     1.55288561     1.66231081
# DeltaH_(kcal_mol^-1)       -0.96234192    -1.10311096    -0.82157289    -0.96225207    -1.15075664    -0.84254602
# DeltaG_(kcal_mol^-1)       -0.65253929    -1.09178513    -0.21329345    -0.65313909    -0.93806600    -0.28616421
# KD_(uM)                     0.33241862     0.15838567     0.69767764     0.33208227     0.20530182     0.61693607
# Stoichiometric_ratio Target_enthalpy_(kcal_mol^-1) Fit_enthalpy Confidence_lower Confidence_upper Bootstrap_enthalpy Bootstrap_lower Bootstrap_upper
    0.24820922    -0.69572946    -1.07915368    -1.24307110    -0.91523626    -1.07812518    -1.76195135    -0.40837830
    0.44067795    -0.99245778    -1.07409601    -1.23794983    -0.91024219    -1.07308421    -1.24683886    -0.90620492
    0.63448458    -1.09471561    -1.06799340    -1.23184064    -0.90414617    -1.06700268    -1.17390053    -0.97240681
    0.82962910    -1.14475302    -1.06057796    -1.22451216    -0.89664376    -1.05961410    -1.23786651    -0.88604756
    1.02611150    -1.15876250    -1.05149382    -1.21566057    -0.88732707    -1.05056454    -1.26502772    -0.84295573
    1.22393180    -1.15754237    -1.04026526    -1.20488093    -0.87564960    -1.03938091    -1.26627591    -0.81681362
    1.42308998    -1.12118742    -1.02625440    -1.19162353    -0.86088527    -1.02542885    -1.20960968    -0.84292573
    1.62358606    -1.08111986    -1.00860838    -1.17512621    -0.84209055    -1.00786014    -1.14929939    -0.86393379
    1.82542002    -1.03162740    -0.98620186    -1.15430988    -0.81809383    -0.98555516    -1.07979937    -0.88897419
    2.02859187    -0.96760272    -0.95759591    -1.12762915    -0.78756267    -0.95708111    -0.99820573    -0.91145147
    2.23310161    -0.89494414    -0.92106680    -1.09290862    -0.74922499    -0.92071878    -0.97594824    -0.86045834
    2.43894924    -0.82964081    -0.87481155    -1.04732341    -0.70229969    -0.87466348    -0.96072014    -0.78534571
    2.64613476    -0.75749371    -0.81748179    -0.98793354    -0.64703004    -0.81755143    -0.92886535    -0.70276772
    2.85465817    -0.70859656    -0.74911697    -0.91332370    -0.58491024    -0.74938648    -0.82778558    -0.66913303
    3.06451947    -0.65072676    -0.67216288    -0.82612332    -0.51820244    -0.67256325    -0.72288539    -0.62042475
    3.27571866    -0.57425341    -0.59169778    -0.73406298    -0.44933258    -0.59211721    -0.63537195    -0.54894795
    3.48825573    -0.51840086    -0.51410267    -0.64675104    -0.38145430    -0.51442414    -0.54647007    -0.48355331
    3.70213070    -0.47306134    -0.44476721    -0.57047315    -0.31906127    -0.44490993    -0.50343879    -0.38709289
    3.91734355    -0.42505997    -0.38651676    -0.50683962    -0.26619391    -0.38645160    -0.46194395    -0.31214453
    4.13389429    -0.37459052    -0.33962734    -0.45500005    -0.22425462    -0.33936500    -0.40975505    -0.27093685
    4.35178293    -0.33114357    -0.30280998    -0.41342635    -0.19219362    -0.30238055    -0.36187554    -0.24563929
    4.57100945    -0.29801797    -0.27421290    -0.38047272    -0.16795308    -0.27365047    -0.32496623    -0.22208649
    4.79157386    -0.26725161    -0.25202698    -0.35453709    -0.14951687    -0.25136210    -0.29048946    -0.21505599
    5.01347616    -0.23612838    -0.23473121    -0.33416957    -0.13529286    -0.23398855    -0.25982603    -0.20971725
    5.23671635    -0.21651250    -0.22113548    -0.31814032    -0.12413064    -0.22033395    -0.24778443    -0.19384524
    5.46129443    -0.19391388    -0.21034049    -0.30545644    -0.11522454    -0.20949426    -0.24879568    -0.17015625
    5.68721040    -0.18634208    -0.20167690    -0.29534259    -0.10801121    -0.20079648    -0.24022408    -0.16244901
    5.91446425    -0.17359861    -0.19464844    -0.28720538    -0.10209149    -0.19374165    -0.23913290    -0.14749257
    0.24820922    -0.72502424    -1.08837237    -1.25228979    -0.92445495    -1.08759022    -1.78420728    -0.39806493
    0.44067795    -1.01358762    -1.08331469    -1.24716851    -0.91946087    -1.08254925    -1.25774777    -0.91784860
    0.63448458    -1.11451764    -1.07721209    -1.24105932    -0.91336485    -1.07646772    -1.18117352    -0.98160503
    0.82962910    -1.16127786    -1.06979664    -1.23373084    -0.90586245    -1.06907914    -1.24357722    -0.90366081
    1.02611150    -1.16618278    -1.06071250    -1.22487926    -0.89654575    -1.06002958    -1.27214869    -0.85328788
    1.22393180    -1.15859553    -1.04948395    -1.21409961    -0.88486828    -1.04884595    -1.27720566    -0.82563702
    1.42308998    -1.14121840    -1.03547308    -1.20084221    -0.87010395    -1.03489389    -1.22005342    -0.85003536
    1.62358606    -1.10268592    -1.01782706    -1.18434489    -0.85130923    -1.01732519    -1.16062083    -0.87483411
    1.82542002    -1.04013418    -0.99542054    -1.16352856    -0.82731252    -0.99502020    -1.08864091    -0.89634069
    2.02859187    -0.97479058    -0.96681459    -1.13684783    -0.79678135    -0.96654615    -1.00640296    -0.92063024
    2.23310161    -0.91863153    -0.93028548    -1.10212730    -0.75844367    -0.93018382    -0.98513994    -0.87082755
    2.43894924    -0.85970318    -0.88403023    -1.05654209    -0.71151837    -0.88412852    -0.96838889    -0.79431750
    2.64613476    -0.78710710    -0.82670047    -0.99715222    -0.65624872    -0.82701647    -0.93742619    -0.71348644
    2.85465817    -0.71266708    -0.75833565    -0.92254238    -0.59412892    -0.75885153    -0.83688719    -0.67753686
    3.06451947    -0.66540170    -0.68138156    -0.83534201    -0.52742112    -0.68202830    -0.73119807    -0.62993186
    3.27571866    -0.58963571    -0.60091646    -0.74328166    -0.45855126    -0.60158226    -0.64488578    -0.55894661
    3.48825573    -0.53252288    -0.52332135    -0.65596972    -0.39067298    -0.52388918    -0.55494760    -0.49271130
    3.70213070    -0.47865142    -0.45398590    -0.57969184    -0.32827996    -0.45437497    -0.51155283    -0.39819110
    3.91734355    -0.43017170    -0.39573545    -0.51605830    -0.27541259    -0.39591664    -0.47247797    -0.32355051
    4.13389429    -0.37328415    -0.34884602    -0.46421873    -0.23347330    -0.34883004    -0.41815292    -0.28063953
    4.35178293    -0.31693830    -0.31202867    -0.42264503    -0.20141230    -0.31184559    -0.37251177    -0.25374638
    4.57100945    -0.29597049    -0.28343158    -0.38969140    -0.17717176    -0.28311551    -0.33563263    -0.23315994
    4.79157386    -0.25585292    -0.26124566    -0.36375577    -0.15873555    -0.26082715    -0.29936637    -0.22458241
    5.01347616    -0.24046669    -0.24394990    -0.34338825    -0.14451154    -0.24345360    -0.26955015    -0.21915153
    5.23671635    -0.21385937    -0.23035416    -0.32735901    -0.13334932    -0.22979899    -0.25749735    -0.20389458
    5.46129443    -0.19501811    -0.21955918    -0.31467513    -0.12444322    -0.21895930    -0.25853097    -0.18086332
    5.68721040    -0.18399624    -0.21089558    -0.30456127    -0.11722990    -0.21026153    -0.24782292    -0.17246137
    5.91446425    -0.16540461    -0.20386712    -0.29642406    -0.11131018    -0.20320669    -0.24913437    -0.15634134
