# Experiment 0 Ligand    60.00000000 uM Receptor     3.00000000 uM Volume  1420.60000000 uL
# Guess_cost        16.65924736 (kcal_mol^-1)^2 Guess_chi_sq         0.83296237
# Fit_cost           3.46753338 (kcal_mol^-1)^2 Fit_chi_sq           0.17337667
# Bootstrap_cost     3.47372723 (kcal_mol^-1)^2 Bootstrap_chi_sq     0.17368636
# Parameter Fit_value Confidence_lower Confidence_upper Bootstrap_value Bootstrap_lower Bootstrap_upper
# Offset_1_(kcal_mol^-1)     -0.33132062    -0.58730536    -0.07533589    -0.32980544    -0.39542005    -0.26307950
# Eta                         1.00939186     0.99603287     1.02275084     1.00939251     1.00120250     1.01689054
# DeltaH_A1_(kcal_mol^-1)   -36.02407756   -37.99707271   -34.05108241   -36.05605072   -36.66497016   -27.70733232
# DeltaH_B1_(kcal_mol^-1)   -29.35839515   -31.91457762   -26.80221269   -29.48322514   -36.04930735   -28.24045108
# DeltaH_A2_(kcal_mol^-1)   -46.03555532   -49.90274349   -42.16836715   -45.88438822   -47.59546839   -39.69579248
# DeltaH_B2_(kcal_mol^-1)   -39.36987291   -41.49786860   -37.24187721   -39.36300672   -48.10458879   -38.53843824
# DeltaG_A1_(kcal_mol^-1)    -0.01536497    -0.23578125     0.20505131    -0.01701008    -0.13546895     0.11261943
# DeltaG_B1_(kcal_mol^-1)     0.15164840    -0.28383678     0.58713358     0.15314596     0.01558724     0.28170495
# DeltaG_A2_(kcal_mol^-1)    -0.93090603    -1.25063250    -0.61117956    -0.93175883    -1.03532519    -0.83587766
# DeltaG_B2_(kcal_mol^-1)    -0.76389266    -0.96096875    -0.56681656    -0.76470747    -0.85375007    -0.67342348
# KD_A1_(uM)                  0.97537846     0.68211570     1.39472400     0.97277844     0.80268021     1.20048478
# KD_B1_(uM)                  1.27896367     0.63095151     2.59250998     1.28207506     1.02561286     1.57943528
# KD_A2_(uM)                  0.22082193     0.13144641     0.37096736     0.22051660     0.18640769     0.25763415
# KD_B2_(uM)                  0.28955246     0.21030940     0.39865374     0.28916992     0.25027054     0.33533267
# Alpha                       4.41703611     2.35227966     8.29417029     4.41745065     3.57752028     5.48285330
# KD_1_(uM)                   0.55336481     0.35485329     0.86292737     0.55123965     0.47476881     0.64633926
# KD_2_(uM)                   0.51037439     0.38243191     0.68112000     0.51110975     0.47629185     0.54687935
# Gamma                       4.33693242     2.43906610     7.71155107     4.31182249     3.50490593     5.37384179
# Stoichiometric_ratio Target_enthalpy_(kcal_mol^-1) Fit_enthalpy Confidence_lower Confidence_upper Bootstrap_enthalpy Bootstrap_lower Bootstrap_upper
    0.18386124   -28.81895055   -29.98156950   -31.57785926   -28.38527973   -29.98782921   -31.30070518   -28.61520928
    0.32644232   -30.78778003   -30.98788863   -32.48598268   -29.48979458   -30.98062020   -31.70392078   -30.24947051
    0.47003061   -31.67544006   -31.44204515   -32.93148426   -29.95260605   -31.43337615   -32.06456271   -30.82272717
    0.61463322   -32.26584293   -31.58907080   -33.09570464   -30.08243695   -31.58317980   -32.82807373   -30.37887407
    0.76025732   -32.24351094   -31.51119918   -33.04878852   -29.97360984   -31.52184379   -32.83035980   -30.17731241
    0.90691013   -31.72535140   -31.23240240   -32.80848014   -29.65632466   -31.23280184   -32.14041324   -30.35118049
    1.05459890   -30.95441423   -30.74732876   -32.36353344   -29.13112407   -30.74782871   -31.16971240   -30.33401011
    1.20333097   -29.97141080   -30.03142346   -31.68205013   -28.38079679   -30.03386344   -30.27331352   -29.80135039
    1.35311370   -29.00816336   -29.04593883   -30.71530482   -27.37657284   -29.04999603   -29.26468942   -28.84323796
    1.50395451   -27.54435405   -27.74361033   -29.40299511   -26.08422555   -27.74620460   -28.12669875   -27.37069022
    1.65586088   -25.87746743   -26.07947638   -27.68588532   -24.47306745   -26.08225557   -26.46564332   -25.70067546
    1.80884033   -24.02657149   -24.03047584   -25.53202842   -22.52892325   -24.02984611   -24.19805738   -23.86580660
    1.96290045   -21.57024490   -21.62283663   -22.97667739   -20.26899587   -21.62024507   -21.80667391   -21.43667203
    2.11804886   -18.87973641   -18.95528551   -20.15596555   -17.75460547   -18.95338173   -19.15884912   -18.75180917
    2.27429326   -16.38954663   -16.19590247   -17.28898542   -15.10281953   -16.18953001   -16.53272371   -15.84477878
    2.43164139   -13.62249531   -13.54004536   -14.58813755   -12.49195317   -13.53974640   -13.75018524   -13.32927990
    2.59010104   -11.28878714   -11.14950419   -12.18142371   -10.11758467   -11.15102720   -11.42904869   -10.87404074
    2.74968007    -9.48556433    -9.11266668   -10.11791493    -8.10741843    -9.11242189    -9.75359976    -8.46655373
    2.91038639    -7.60619560    -7.44434630    -8.39876444    -6.48992815    -7.44548715    -7.75774268    -7.13550214
    3.07222795    -5.92528825    -6.11099882    -6.99579057    -5.22620708    -6.11306946    -6.46421794    -5.76712988
    3.23521278    -5.02305377    -5.05846446    -5.86537762    -4.25155130    -5.05954147    -5.19355458    -4.92370955
    3.39934895    -4.43210827    -4.23053578    -4.95997234    -3.50109922    -4.23058594    -4.60181395    -3.85825763
    3.56464460    -3.80071233    -3.57777278    -4.23534503    -2.92020052    -3.57837698    -3.98976799    -3.16818157
    3.73110791    -3.11623804    -3.06006805    -3.65379442    -2.46634168    -3.06176876    -3.20317149    -2.91483733
    3.89874714    -3.02118036    -2.64621535    -3.18474047    -2.10769023    -2.64663005    -3.32359140    -1.96502313
    4.06757060    -2.44682459    -2.31242797    -2.80405247    -1.82080348    -2.31199611    -2.57773800    -2.05235197
    4.23758664    -2.10179792    -2.04072466    -2.49295242    -1.58849689    -2.04092823    -2.18634640    -1.89661067
    4.40880369    -2.17327392    -1.81752671    -2.23690751    -1.39814592    -1.82597623    -2.47908598    -1.15460790
