# Experiment 0 Ligand    60.00000000 uM Receptor     3.00000000 uM Volume  1420.60000000 uL
# Guess_cost     12252.09660679 (kcal_mol^-1)^2 Guess_chi_sq       510.50402528
# Fit_cost          16.72012456 (kcal_mol^-1)^2 Fit_chi_sq           0.69667186
# Bootstrap_cost    16.72072712 (kcal_mol^-1)^2 Bootstrap_chi_sq     0.69669696
# Parameter Fit_value Confidence_lower Confidence_upper Bootstrap_value Bootstrap_lower Bootstrap_upper
# Offset_1_(kcal_mol^-1)     -1.18950279    -2.15531755    -0.22368803    -1.18560900    -1.66550881    -0.59179857
# Eta                         1.12783743     1.09880383     1.15687104     1.12803409     1.11390085     1.14191294
# DeltaH_(kcal_mol^-1)      -31.85722653   -33.51956585   -30.19488721   -31.85480881   -34.04185216   -30.00515531
# DeltaG_(kcal_mol^-1)       -0.94101539    -1.11643430    -0.76559647    -0.94220678    -1.09044207    -0.77726722
# KD_(uM)                     0.21722945     0.16342208     0.28875311     0.21680994     0.17046139     0.28333678
# Stoichiometric_ratio Target_enthalpy_(kcal_mol^-1) Fit_enthalpy Confidence_lower Confidence_upper Bootstrap_enthalpy Bootstrap_lower Bootstrap_upper
    0.18385868   -28.81895055   -31.94247011   -33.83987058   -30.04506964   -31.93849653   -37.13130111   -26.95923078
    0.32642811   -30.78778003   -31.77546453   -33.67273217   -29.87819689   -31.77184333   -33.78154896   -29.77559546
    0.46998858   -31.67544006   -31.57147013   -33.46958537   -29.67335489   -31.56827384   -32.71332804   -30.49062554
    0.61454007   -32.26584293   -31.32017633   -33.22073424   -29.41961842   -31.31749592   -33.23309464   -29.40358427
    0.76008260   -32.24351094   -31.00756727   -32.91306144   -29.10207310   -31.00551683   -33.38133780   -28.66776014
    0.90661615   -31.72535140   -30.61443139   -32.52860809   -28.70025470   -30.61315302   -32.75310895   -28.44072053
    1.05414073   -30.95441423   -30.11431692   -32.04251379   -28.18612006   -30.11398436   -31.78667458   -28.37673271
    1.20265634   -29.97141080   -29.47089948   -31.42008045   -27.52171851   -29.47171667   -30.55668413   -28.38247652
    1.35216298   -29.00816336   -28.63507598   -30.61284302   -26.65730893   -28.63726211   -29.39504578   -27.80959315
    1.50266065   -27.54435405   -27.54307880   -29.55426875   -25.53188886   -27.54682374   -27.84642552   -27.17936131
    1.65414934   -25.87746743   -26.11909360   -28.15823073   -24.07995647   -26.12446007   -26.60787533   -25.61235585
    1.80662907   -24.02657149   -24.28935275   -26.32935941   -22.24934608   -24.29611049   -24.81582893   -23.71499731
    1.96009982   -21.57024490   -22.01625834   -24.00167269   -20.03084400   -22.02369908   -22.80531813   -21.19527538
    2.11456161   -18.87973641   -19.35027586   -21.21296493   -17.48758680   -19.35718969   -20.19198592   -18.50442587
    2.27001442   -16.38954663   -16.46571732   -18.16827526   -14.76315937   -16.47074818   -16.81609570   -16.13111738
    2.42645826   -13.62249531   -13.62593181   -15.18910359   -12.06276003   -13.62819655   -13.89776418   -13.35601539
    2.58389313   -11.28878714   -11.07726662   -12.54621406    -9.60831918   -11.07670651   -11.52304216   -10.64173794
    2.74231903    -9.48556433    -8.95689133   -10.35596046    -7.55782219    -8.95407225    -9.85837269    -8.05416452
    2.90173596    -7.60619560    -7.28202690    -8.61425544    -5.94979836    -7.27770171    -7.90998444    -6.67412466
    3.06214392    -5.92528825    -5.99673112    -7.26194177    -4.73152047    -5.99154226    -6.30129286    -5.71703244
    3.22354291    -5.02305377    -5.02142035    -6.22441315    -3.81842755    -5.01581241    -5.23655563    -4.83184754
    3.38593293    -4.43210827    -4.28104741    -5.43081559    -3.13127923    -4.27529237    -4.59233340    -3.97964217
    3.54931397    -3.80071233    -3.71494534    -4.82178206    -2.60810861    -3.70919571    -3.91051238    -3.51842253
    3.71368605    -3.11623804    -3.27739018    -4.35085977    -2.20392060    -3.27172453    -3.58658704    -2.97325186
    3.87904915    -3.02118036    -2.93497763    -3.98305697    -1.88689828    -2.92943160    -3.15389576    -2.71218992
    4.04540328    -2.44682459    -2.66356844    -3.69252413    -1.63461276    -2.65815391    -3.05928198    -2.24905692
    4.21274844    -2.10179792    -2.44571759    -3.46031212    -1.43112307    -2.44043384    -3.03621155    -1.85490412
    4.38108463    -2.17327392    -2.26874151    -3.27253241    -1.26495062    -2.26358157    -2.56727985    -1.94156331
