# Experiment 0 Ligand    81.00000000 uM Receptor     3.00000000 uM Volume  1420.60000000 uL
# Experiment 1 Ligand    81.00000000 uM Receptor     3.00000000 uM Volume  1420.60000000 uL
# Guess_cost         0.41829981 (kcal_mol^-1)^2 Guess_chi_sq         0.00890000
# Fit_cost           0.02209137 (kcal_mol^-1)^2 Fit_chi_sq           0.00047003
# Bootstrap_cost     0.02115120 (kcal_mol^-1)^2 Bootstrap_chi_sq     0.00045003
# Parameter Fit_value Confidence_lower Confidence_upper Bootstrap_value Bootstrap_lower Bootstrap_upper
# Offset_1_(kcal_mol^-1)     -0.06438990    -0.10701724    -0.02176255    -0.06279564    -0.07805474    -0.02333700
# Offset_2_(kcal_mol^-1)     -0.07360844    -0.11623579    -0.03098110    -0.07190413    -0.08686652    -0.03235193
# Eta                         0.99695329     0.94400453     1.04990204     0.99118836     0.94371330     1.03100600
# DeltaH_A1_(kcal_mol^-1)    -1.65952062    -2.52885938    -0.79018185    -1.63076953    -1.78988574     0.23370898
# DeltaH_B1_(kcal_mol^-1)     0.37450353    -0.75618222     1.50518927     0.35330953    -1.88115693     0.82183202
# DeltaH_A2_(kcal_mol^-1)    -4.30304549    -5.96906784    -2.63702315    -4.33627563    -4.89886733    -2.25786509
# DeltaH_B2_(kcal_mol^-1)    -2.26902135    -3.13008483    -1.40795787    -2.32931291    -4.38614774    -2.17057247
# DeltaG_A1_(kcal_mol^-1)     1.03907553     0.56197907     1.51617200     1.03037804     0.97647245     1.07987922
# DeltaG_B1_(kcal_mol^-1)     1.13724656     0.29645981     1.97803331     1.14881903     1.08203440     1.24523880
# DeltaG_A2_(kcal_mol^-1)    -0.31877509    -0.83090719     0.19335701    -0.31584081    -0.42014742    -0.12969819
# DeltaG_B2_(kcal_mol^-1)    -0.22060406    -0.68646030     0.24525217    -0.19788389    -0.29803939    -0.01133760
# KD_A1_(uM)                  5.77627302     2.58186512    12.92295626     5.69209844     5.19707913     6.18809573
# KD_B1_(uM)                  6.81722422     1.64932623    28.17789786     6.95168777     6.21064614     8.18024757
# KD_A2_(uM)                  0.58389697     0.24600320     1.38589933     0.58679589     0.49207327     0.80339765
# KD_B2_(uM)                  0.68912196     0.31392151     1.51276374     0.71606112     0.60469391     0.98104630
# Alpha                       9.89262373     3.03570860    32.23761476     9.72096687     7.31410411    11.21325634
# KD_1_(uM)                   3.12686362     1.18854530     8.22625448     3.12768093     3.02935765     3.22431014
# KD_2_(uM)                   1.27301893     0.71156621     2.27747913     1.29995575     1.13819093     1.74598240
# Gamma                       9.82503418     3.16752249    30.47533110     9.60050268     7.19528503    11.02776344
# Stoichiometric_ratio Target_enthalpy_(kcal_mol^-1) Fit_enthalpy Confidence_lower Confidence_upper Bootstrap_enthalpy Bootstrap_lower Bootstrap_upper
    0.24821267    -0.69572946    -0.76259625    -1.16618034    -0.35901216    -0.76030026    -0.85971758    -0.66036050
    0.44069713    -0.99245778    -0.96874903    -1.38163438    -0.55586369    -0.96851441    -1.01994702    -0.91681345
    0.63454132    -1.09471561    -1.07118318    -1.48837105    -0.65399530    -1.07195250    -1.11765463    -1.02592151
    0.82975484    -1.14475302    -1.12384447    -1.54158001    -0.70610893    -1.12461619    -1.16401608    -1.08557979
    1.02634738    -1.15876250    -1.14581022    -1.56029471    -0.73132572    -1.14677783    -1.17164080    -1.12227374
    1.22432867    -1.15754237    -1.14558641    -1.55241884    -0.73875398    -1.14647921    -1.17101273    -1.12273009
    1.42370852    -1.12118742    -1.12757704    -1.52169030    -0.73346377    -1.12821760    -1.14518599    -1.11197422
    1.62449681    -1.08111986    -1.09447017    -1.47037013    -0.71857022    -1.09477758    -1.12154810    -1.06756618
    1.82670350    -1.03162740    -1.04834549    -1.40064495    -0.69604602    -1.04813263    -1.08070796    -1.01615563
    2.03033859    -0.96760272    -0.99126855    -1.31548406    -0.66705304    -0.99137804    -1.03454312    -0.94592163
    2.23541219    -0.89494414    -0.92559614    -1.21904752    -0.63214476    -0.92458203    -0.98062958    -0.86789413
    2.44193445    -0.82964081    -0.85404980    -1.11654415    -0.59155544    -0.85338781    -0.89824896    -0.80861678
    2.64991561    -0.75749371    -0.77958577    -1.01350521    -0.54566633    -0.77929578    -0.81998272    -0.73885462
    2.85936596    -0.70859656    -0.70512253    -0.91470699    -0.49553808    -0.70478793    -0.71706457    -0.69165202
    3.07029590    -0.65072676    -0.63322937    -0.82327867    -0.44318008    -0.63309647    -0.66572037    -0.59936505
    3.28271588    -0.57425341    -0.56588475    -0.74051407    -0.39125544    -0.56619722    -0.58498733    -0.54718221
    3.49663641    -0.51840086    -0.50437062    -0.66639661    -0.34234463    -0.50465148    -0.53288628    -0.47709525
    3.71206810    -0.47306134    -0.44930489    -0.60032831    -0.29828148    -0.45003933    -0.49522918    -0.40576256
    3.92902162    -0.42505997    -0.40076743    -0.54160758    -0.25992727    -0.40188184    -0.44834683    -0.35578966
    4.14750773    -0.37459052    -0.35846158    -0.48959269    -0.22733048    -0.35929888    -0.38999591    -0.32824111
    4.36753725    -0.33114357    -0.32186679    -0.44370213    -0.20003146    -0.32248124    -0.34148056    -0.30354652
    4.58912108    -0.29801797    -0.29035890    -0.40338124    -0.17733656    -0.29058179    -0.30645018    -0.27443811
    4.81227020    -0.26725161    -0.26329323    -0.36808447    -0.15850200    -0.26334890    -0.27330412    -0.25365121
    5.03699568    -0.23612838    -0.24005510    -0.33727637    -0.14283383    -0.23995383    -0.24964285    -0.23013175
    5.26330864    -0.21651250    -0.22008624    -0.31044184    -0.12973063    -0.21975161    -0.22938032    -0.20988113
    5.49122031    -0.19391388    -0.20289516    -0.28709725    -0.11869307    -0.20234024    -0.21964765    -0.18397865
    5.72074196    -0.18634208    -0.18805792    -0.26679865    -0.10931719    -0.18749106    -0.19610159    -0.17714858
    5.95188498    -0.17359861    -0.17521364    -0.24914595    -0.10128133    -0.17455396    -0.18345303    -0.16266393
    0.24821267    -0.72502424    -0.77181479    -1.17539888    -0.36823070    -0.77134470    -0.87070658    -0.67225452
    0.44069713    -1.01358762    -0.97796758    -1.39085292    -0.56508223    -0.97790883    -1.02851914    -0.92585370
    0.63454132    -1.11451764    -1.08040172    -1.49758959    -0.66321385    -1.08061134    -1.12631461    -1.03337838
    0.82975484    -1.16127786    -1.13306302    -1.55079855    -0.71532748    -1.13371876    -1.17312557    -1.09410527
    1.02634738    -1.16618278    -1.15502876    -1.56951326    -0.74054427    -1.15626769    -1.18188308    -1.13079282
    1.22432867    -1.15859553    -1.15480495    -1.56163738    -0.74797253    -1.15562159    -1.17976570    -1.13205932
    1.42370852    -1.14121840    -1.13679558    -1.53090885    -0.74268232    -1.13732269    -1.15434851    -1.12107046
    1.62449681    -1.10268592    -1.10368872    -1.47958867    -0.72778876    -1.10393553    -1.13067386    -1.07756546
    1.82670350    -1.04013418    -1.05756403    -1.40986349    -0.70526457    -1.05763033    -1.09042413    -1.02476478
    2.03033859    -0.97479058    -1.00048710    -1.32470261    -0.67627158    -0.99982835    -1.04325700    -0.95498400
    2.23541219    -0.91863153    -0.93481468    -1.22826606    -0.64136330    -0.93420974    -0.99053592    -0.87808591
    2.44193445    -0.85970318    -0.86326834    -1.12576269    -0.60077399    -0.86235331    -0.90698302    -0.81694127
    2.64991561    -0.78710710    -0.78880431    -1.02272375    -0.55488487    -0.78817821    -0.82905372    -0.74592426
    2.85936596    -0.71266708    -0.71434108    -0.92392553    -0.50475662    -0.71395032    -0.72634780    -0.70103646
    3.07029590    -0.66540170    -0.64244792    -0.83249721    -0.45239862    -0.64180624    -0.67539018    -0.60935627
    3.28271588    -0.58963571    -0.57510329    -0.74973261    -0.40047398    -0.57523694    -0.59403179    -0.55592816
    3.49663641    -0.53252288    -0.51358916    -0.67561515    -0.35156317    -0.51372221    -0.54159935    -0.48608372
    3.71206810    -0.47865142    -0.45852344    -0.60954685    -0.30750002    -0.45886641    -0.50358869    -0.41541938
    3.92902162    -0.43017170    -0.40998597    -0.55082613    -0.26914581    -0.41133770    -0.45646127    -0.36579978
    4.14750773    -0.37328415    -0.36768013    -0.49881123    -0.23654902    -0.36836638    -0.39953919    -0.33670517
    4.36753725    -0.31693830    -0.33108533    -0.45292067    -0.20925000    -0.33150799    -0.35062728    -0.31256143
    4.58912108    -0.29597049    -0.29957745    -0.41259979    -0.18655511    -0.29985520    -0.31568003    -0.28414848
    4.81227020    -0.25585292    -0.27251178    -0.37730301    -0.16772054    -0.27259130    -0.28238554    -0.26277127
    5.03699568    -0.24046669    -0.24927364    -0.34649491    -0.15205238    -0.24919792    -0.25872606    -0.23929062
    5.26330864    -0.21385937    -0.22930478    -0.31966038    -0.13894918    -0.22893750    -0.23845291    -0.21919972
    5.49122031    -0.19501811    -0.21211370    -0.29631580    -0.12791161    -0.21158967    -0.22930502    -0.19346372
    5.72074196    -0.18399624    -0.19727646    -0.27601719    -0.11853573    -0.19664457    -0.20520426    -0.18626488
    5.95188498    -0.16540461    -0.18443218    -0.25836450    -0.11049987    -0.18364110    -0.19276746    -0.17185053
