# Experiment 0 Ligand    55.00000000 uM Receptor     3.00000000 uM Volume  1420.60000000 uL
# Guess_cost     13805.05034231 (kcal_mol^-1)^2 Guess_chi_sq       575.21043093
# Fit_cost          11.35668369 (kcal_mol^-1)^2 Fit_chi_sq           0.47319515
# Bootstrap_cost    11.35777135 (kcal_mol^-1)^2 Bootstrap_chi_sq     0.47324047
# Parameter Fit_value Confidence_lower Confidence_upper Bootstrap_value Bootstrap_lower Bootstrap_upper
# Offset_1_(kcal_mol^-1)     -1.64537953    -2.66641396    -0.62434509    -1.64751683    -2.19786717    -0.94836472
# Eta                         1.18041674     1.15285745     1.20797604     1.18078280     1.17066612     1.19141723
# DeltaH_(kcal_mol^-1)      -30.91364828   -32.45565062   -29.37164594   -30.90277118   -32.82339661   -29.31789314
# DeltaG_(kcal_mol^-1)       -0.98328653    -1.13621020    -0.83036287    -0.98419876    -1.11798961    -0.83296701
# KD_(uM)                     0.20283018     0.15826168     0.25994974     0.20253019     0.16301021     0.25885371
# Stoichiometric_ratio Target_enthalpy_(kcal_mol^-1) Fit_enthalpy Confidence_lower Confidence_upper Bootstrap_enthalpy Bootstrap_lower Bootstrap_upper
    0.16853712   -29.00291683   -31.61094077   -33.43545706   -29.78642449   -31.60419788   -36.03799063   -27.27429636
    0.29922577   -30.60281498   -31.48431245   -33.30742424   -29.66120065   -31.47785690   -33.22342449   -29.77725004
    0.43082286   -31.46633259   -31.33286296   -33.15476481   -29.51096111   -31.32675214   -32.22349893   -30.50097163
    0.56332840   -31.95337791   -31.15066976   -32.97176290   -29.32957662   -31.14497568   -32.75331467   -29.57037073
    0.69674238   -31.81453884   -30.92993068   -32.75092730   -29.10893406   -30.92474443   -32.62349005   -29.26366446
    0.83106480   -31.30922718   -30.66027395   -32.48234275   -28.83820515   -30.65571135   -31.98789759   -29.33304724
    0.96629567   -31.04380361   -30.32780531   -32.15276061   -28.50285001   -30.32401411   -31.72421976   -28.89865432
    1.10243498   -30.43820810   -29.91381694   -31.74432935   -28.08330453   -29.91098527   -30.99540191   -28.82759373
    1.23948273   -29.53346308   -29.39311135   -31.23285108   -27.55337162   -29.39147638   -29.88082992   -28.87741684
    1.37743892   -29.06839743   -28.73202186   -30.58549454   -26.87854918   -28.73187538   -29.40330188   -28.02088565
    1.51630356   -28.17250848   -27.88658262   -29.75813821   -26.01502703   -27.88826555   -28.43820690   -27.30183017
    1.65607665   -26.59982304   -26.80217298   -28.69332489   -24.91102107   -26.80604300   -27.19603128   -26.38574081
    1.79675817   -25.08428352   -25.41760666   -27.32187169   -23.51334162   -25.42395367   -26.02149365   -24.78669710
    1.93834814   -23.26954601   -23.67867424   -25.57492073   -21.78242775   -23.68756114   -24.40695068   -22.93985529
    2.08084655   -21.47871650   -21.56573996   -23.41571153   -19.71576840   -21.57679264   -21.93186259   -21.18254081
    2.22425341   -18.74781883   -19.13065518   -20.89019098   -17.37111939   -19.14293669   -19.80923209   -18.43690793
    2.36856871   -16.56068495   -16.51800447   -18.16183403   -14.87417491   -16.53018188   -16.77977365   -16.27567589
    2.51379245   -13.97625233   -13.93702822   -15.47307276   -12.40098369   -13.94785547   -14.17144639   -13.70305364
    2.65992463   -12.01670426   -11.58673013   -13.03950549   -10.13395477   -11.59550860   -12.28815799   -10.88680901
    2.80696526    -9.86053620    -9.58836703   -10.97499585    -8.20173821    -9.59503464   -10.10756498    -9.08380027
    2.95491433    -7.97751640    -7.97104932    -9.29769117    -6.64440747    -7.97594692    -8.23684188    -7.72339839
    3.10377185    -6.71569019    -6.70066007    -7.97064428    -5.43067587    -6.70425115    -6.91519005    -6.50442326
    3.25353781    -5.52341847    -5.71672182    -6.93550945    -4.49793420    -5.71942531    -6.08611779    -5.35928991
    3.40421221    -4.86661647    -4.95688864    -6.13215163    -3.78162566    -4.95902344    -5.15221233    -4.76763099
    3.55579505    -4.61590651    -4.36771808    -5.50776224    -3.22767391    -4.36950616    -4.78564692    -3.93007345
    3.70828634    -3.92102723    -3.90715035    -5.01963459    -2.79466611    -3.90873866    -4.07477799    -3.73164610
    3.86168607    -3.32152277    -3.54342119    -4.63476820    -2.45207417    -3.54490406    -3.93681656    -3.14884525
    4.01599425    -3.12223743    -3.25297314    -4.32827492    -2.17767136    -3.25440988    -3.56842782    -2.91862588
