# Experiment 0 Ligand   172.00000000 uM Receptor     4.00000000 uM Volume  1420.60000000 uL
# Guess_cost       851.59118847 (kcal_mol^-1)^2 Guess_chi_sq        35.48296619
# Fit_cost          12.80838778 (kcal_mol^-1)^2 Fit_chi_sq           0.53368282
# Bootstrap_cost    12.81031107 (kcal_mol^-1)^2 Bootstrap_chi_sq     0.53376296
# Parameter Fit_value Confidence_lower Confidence_upper Bootstrap_value Bootstrap_lower Bootstrap_upper
# Offset_1_(kcal_mol^-1)     -3.27125866    -4.45372614    -2.08879118    -3.26285158    -3.60090912    -2.53621195
# Eta                         3.38674899     2.86238239     3.91111560     3.39690773     3.17926525     3.66892965
# DeltaH_(kcal_mol^-1)       -2.95037742    -4.39323110    -1.50752373    -2.95750611    -4.19930448    -2.27833058
# DeltaG_(kcal_mol^-1)       -0.93880789    -2.59479976     0.71718397    -0.95122296    -1.51051826    -0.22983687
# KD_(uM)                     0.20504491     0.01253137     3.35505421     0.20079305     0.07812362     0.67846648
# Stoichiometric_ratio Target_enthalpy_(kcal_mol^-1) Fit_enthalpy Confidence_lower Confidence_upper Bootstrap_enthalpy Bootstrap_lower Bootstrap_upper
    0.39529616    -3.70520259    -6.19748109    -8.05505416    -4.33990802    -6.19671615   -10.76873931    -1.78809445
    0.70182045    -4.63239064    -6.19456627    -8.05132484    -4.33780769    -6.19386564    -9.01062663    -3.34009354
    1.01047544    -5.50865544    -6.19106362    -8.04686948    -4.33525776    -6.19043859    -7.53788151    -4.87305959
    1.32126116    -5.95914019    -6.18687226    -8.04157928    -4.33216523    -6.18633701    -6.88889583    -5.56040692
    1.63417758    -6.46704952    -6.18186100    -8.03531687    -4.32840512    -6.18143354    -6.92922803    -5.47477962
    1.94922472    -6.77188673    -6.17585694    -8.02790747    -4.32380642    -6.17556045    -7.40696623    -4.98421652
    2.26640257    -6.80762758    -6.16862877    -8.01912677    -4.31813076    -6.16849339    -7.45273616    -4.88538413
    2.58571113    -6.85755312    -6.15986182    -8.00868477    -4.31103888    -6.15992743    -7.48607433    -4.79472774
    2.90715040    -6.87220450    -6.14912033    -7.99620387    -4.30203679    -6.14944045    -7.53658493    -4.75005196
    3.23072039    -6.83021681    -6.13578862    -7.98118966    -4.29038758    -6.13643640    -7.48236769    -4.80282559
    3.55642109    -6.73407595    -6.11897780    -7.96299239    -4.27496321    -6.12005510    -7.28747764    -4.89848126
    3.88425250    -6.65389834    -6.09737411    -7.94075665    -4.25399157    -6.09902559    -7.17235599    -4.98641641
    4.21421462    -6.45127753    -6.06898715    -7.91335316    -4.22462114    -6.07142226    -6.84614707    -5.24793240
    4.54630746    -6.29822608    -6.03072536    -7.87926683    -4.18218388    -6.03425254    -6.59327894    -5.40788921
    4.88053100    -6.11573541    -5.97767841    -7.83632020    -4.11903662    -5.98275580    -6.32388638    -5.54710276
    5.21688527    -5.83718377    -5.90194102    -7.78073372    -4.02314832    -5.90924102    -6.12663710    -5.57991329
    5.55537024    -5.65823651    -5.79090497    -7.70382522    -3.87798473    -5.80135358    -6.05535447    -5.44720756
    5.89598592    -5.40869149    -5.62574363    -7.58255960    -3.66892766    -5.64037075    -5.98583298    -5.19310483
    6.23873232    -5.12738601    -5.38379174    -7.36493454    -3.40264894    -5.40297540    -5.78345309    -4.93819238
    6.58360943    -4.91020559    -5.05362571    -6.98860740    -3.11864402    -5.07544869    -5.33172571    -4.75602145
    6.93061726    -4.68442420    -4.66374073    -6.48496485    -2.84251662    -4.68325436    -4.92209859    -4.43286309
    7.27975579    -4.36160754    -4.28586182    -5.99164650    -2.58007715    -4.29835013    -4.55765644    -4.08788616
    7.63102504    -4.19397082    -3.98269178    -5.57805471    -2.38732886    -3.98737354    -4.35763322    -3.66663350
    7.98442500    -3.96618246    -3.76833767    -5.25052888    -2.28614646    -3.76726713    -4.12618856    -3.43424396
    8.33995567    -3.74159814    -3.62492887    -5.01011969    -2.23973806    -3.62038739    -3.88096473    -3.38997502
    8.69761705    -3.53700127    -3.52963181    -4.84461460    -2.21464902    -3.52316178    -3.73165860    -3.32326550
    9.05740915    -3.34059920    -3.46519473    -4.73382508    -2.19656438    -3.45767926    -3.74379608    -3.14845265
    9.41933196    -3.09942518    -3.42045330    -4.65957948    -2.18132713    -3.41237233    -3.79748936    -2.97334891
