# Experiment 0 Ligand   160.00000000 uM Receptor     5.00000000 uM Volume  1420.60000000 uL
# Guess_cost        15.34662119 (kcal_mol^-1)^2 Guess_chi_sq         0.76733106
# Fit_cost           5.38684229 (kcal_mol^-1)^2 Fit_chi_sq           0.26934211
# Bootstrap_cost     5.47181776 (kcal_mol^-1)^2 Bootstrap_chi_sq     0.27359089
# Parameter Fit_value Confidence_lower Confidence_upper Bootstrap_value Bootstrap_lower Bootstrap_upper
# Offset_1_(kcal_mol^-1)     -2.58447668    -3.03645692    -2.13249644    -2.56727846    -2.87332987    -2.38639420
# Eta                         1.02281332     0.99010150     1.05552513     1.02292767     1.01992442     1.02565296
# DeltaH_A1_(kcal_mol^-1)     5.92634875     0.48944872    11.36324878     6.02621458     2.36888013     7.27220821
# DeltaH_B1_(kcal_mol^-1)   -13.77904940   -19.29692721    -8.26117158   -13.80052303   -14.89057512   -12.61679058
# DeltaH_A2_(kcal_mol^-1)   -16.47014239   -21.85649241   -11.08379238   -16.53303613   -18.23749789   -14.85640561
# DeltaH_B2_(kcal_mol^-1)   -36.17554054   -45.61056169   -26.74051940   -36.34064453   -39.98564546   -30.56021066
# DeltaG_A1_(kcal_mol^-1)     0.89838465    -0.04562706     1.84239637     0.89185592     0.06328079     1.34671006
# DeltaG_B1_(kcal_mol^-1)     1.58643910     0.88364003     2.28923817     1.61033743     0.82627344     2.00425278
# DeltaG_A2_(kcal_mol^-1)     0.42239632    -0.09530613     0.94009877     0.41604051     0.30688325     0.53124767
# DeltaG_B2_(kcal_mol^-1)     1.11045077     0.75098483     1.46991670     1.10285072     0.98156172     1.28432262
# KD_A1_(uM)                  4.55533765     0.92588091    22.41227886     4.50541687     1.11271811     9.70834952
# KD_B1_(uM)                 14.55016846     4.44337215    47.64566076    15.14905791     4.03332008    29.45286845
# KD_A2_(uM)                  2.03994602     0.85141268     4.88761780     2.01817969     1.67859918     2.45136103
# KD_B2_(uM)                  6.51577569     3.55202279    11.95243816     6.43272896     5.24191280     8.73806137
# Alpha                       2.23306774     0.58921299     8.46313917     2.35996067     0.48316338     5.05858154
# KD_1_(uM)                   3.46920568     0.82488446    14.59039249     3.45286791     0.87760856     6.92672490
# KD_2_(uM)                   8.55572171     5.15389122    14.20293343     8.37497886     7.23774710    10.98816198
# Gamma                       1.62193479     0.33689293     7.80863068     1.63673088     0.32823137     3.71733316
# Stoichiometric_ratio Target_enthalpy_(kcal_mol^-1) Fit_enthalpy Confidence_lower Confidence_upper Bootstrap_enthalpy Bootstrap_lower Bootstrap_upper
    0.29417798    -3.82632694    -3.31988461    -6.63122446    -0.00854477    -3.37035662    -3.89287103    -2.89650895
    0.52230771    -4.85844516    -4.74826893    -7.62292422    -1.87361364    -4.73424278    -5.26464360    -4.30542052
    0.75204897    -5.66806985    -5.80376634    -8.32168213    -3.28585055    -5.78497926    -6.19727662    -5.40677459
    0.98341315    -6.22965989    -6.56406457    -8.88041398    -4.24771517    -6.56008428    -7.15396869    -5.95163803
    1.21641171    -6.54201595    -7.08279904    -9.32311949    -4.84247860    -7.09187867    -8.01270405    -6.13871619
    1.45105620    -7.05842927    -7.40129778    -9.61160230    -5.19099325    -7.41521105    -8.02869699    -6.80387588
    1.68735825    -7.25083487    -7.55457719    -9.71750166    -5.39165273    -7.56960147    -8.11853999    -7.04376280
    1.92532956    -7.30002395    -7.57417764    -9.64554965    -5.50280563    -7.58092368    -8.09158944    -7.08063267
    2.16498192    -7.31280339    -7.48914415    -9.42547026    -5.55281804    -7.48768523    -7.85661271    -7.11578346
    2.40632722    -7.28144667    -7.32598007    -9.09823153    -5.55372860    -7.31647549    -7.53014876    -7.08258202
    2.64937741    -7.17288563    -7.10817483    -8.70548397    -5.51086568    -7.09286733    -7.33024425    -6.83074734
    2.89414453    -7.08217038    -6.85572688    -8.28321217    -5.42824160    -6.83510177    -7.30390931    -6.35038771
    3.14064072    -6.96866885    -6.58489925    -7.85885165    -5.31094685    -6.56245009    -7.30564808    -5.82517466
    3.38887818    -6.78525435    -6.30828039    -7.45086543    -5.16569535    -6.29049592    -7.18968873    -5.40546242
    3.63886922    -6.65419243    -6.03510793    -7.06984675    -5.00036911    -6.01168298    -7.14972792    -4.89800151
    3.89062622    -6.44270430    -5.77175835    -6.72038075    -4.82313594    -5.75533766    -7.00069936    -4.55811418
    4.14416167    -6.18811092    -5.52230067    -6.40306721    -4.64153413    -5.51342157    -6.74393006    -4.25752530
    4.39948811    -6.01899877    -5.28903507    -6.11627610    -4.46179404    -5.28112046    -6.65597053    -3.93253599
    4.65661822    -5.76946604    -5.07296821    -5.85741073    -4.28852569    -5.07318761    -6.35348589    -3.74407448
    4.91556472    -5.57678204    -4.87420452    -5.62366125    -4.12474779    -4.88022767    -6.16783863    -3.57593425
    5.17634044    -5.30765916    -4.69225132    -5.41236747    -3.97213518    -4.69416599    -5.82676671    -3.55816060
    5.43895832    -5.04194230    -4.52624671    -5.22114496    -3.83134847    -4.51708582    -5.51971535    -3.54618622
    5.70343135    -4.83397802    -4.37512325    -5.04789569    -3.70235081    -4.37984011    -5.24327311    -3.50951460
    5.96977266    -4.67349353    -4.23772146    -4.89077632    -3.58466661    -4.24436664    -5.05418238    -3.41219879
    6.23799543    -4.38171428    -4.11286558    -4.74815853    -3.47757264    -4.12049797    -4.65161484    -3.59973196
    6.50811295    -4.16706063    -3.99941180    -4.61859448    -3.38022913    -4.00019553    -4.36110924    -3.65059770
    6.78013862    -3.95919926    -3.89627718    -4.50078972    -3.29176465    -3.90046813    -4.12310108    -3.69283771
    7.05408591    -3.70518927    -3.80245521    -4.39358281    -3.21132761    -3.80367643    -4.06594283    -3.56247141
