# Experiment 0 Ligand   160.00000000 uM Receptor     5.00000000 uM Volume  1420.60000000 uL
# Experiment 1 Ligand   172.00000000 uM Receptor     4.00000000 uM Volume  1420.60000000 uL
# Guess_cost        31.53008141 (kcal_mol^-1)^2 Guess_chi_sq         0.67085280
# Fit_cost           8.06471665 (kcal_mol^-1)^2 Fit_chi_sq           0.17158972
# Bootstrap_cost     7.79143633 (kcal_mol^-1)^2 Bootstrap_chi_sq     0.16577524
# Parameter Fit_value Confidence_lower Confidence_upper Bootstrap_value Bootstrap_lower Bootstrap_upper
# Offset_1_(kcal_mol^-1)     -1.85223775    -2.17422345    -1.53025204    -1.84669948    -1.98245774    -1.72964436
# Offset_2_(kcal_mol^-1)     -2.13693275    -2.41134059    -1.86252490    -2.13290066    -2.25883323    -2.01228855
# Eta                         1.03473499     1.00869188     1.06077811     1.03631370     1.03332396     1.03884836
# DeltaH_A1_(kcal_mol^-1)     8.19368349     3.62660379    12.76076318     8.56075222     7.59130328     9.39717679
# DeltaH_B1_(kcal_mol^-1)   -17.66909668   -22.09700155   -13.24119180   -17.65072705   -18.70624379   -15.44015526
# DeltaH_A2_(kcal_mol^-1)   -23.24241973   -27.52823753   -18.95660193   -23.51435396   -25.58404125   -22.44515724
# DeltaH_B2_(kcal_mol^-1)   -49.10519990   -56.77545366   -41.43494614   -49.68775533   -51.30443991   -47.97902410
# DeltaG_A1_(kcal_mol^-1)     1.31433532     0.65188904     1.97678159     1.34381170     1.27774167     1.42347064
# DeltaG_B1_(kcal_mol^-1)     1.85437589     1.36263756     2.34611423     1.81179978     1.70157916     1.91450055
# DeltaG_A2_(kcal_mol^-1)     0.62147807     0.27767486     0.96528128     0.68996523     0.52625398     0.84700568
# DeltaG_B2_(kcal_mol^-1)     1.16151865     0.88075571     1.44228158     1.15470041     1.11459183     1.18591822
# KD_A1_(uM)                  9.19209595     3.00495535    28.11843046     9.66097344     8.64154142    11.05124748
# KD_B1_(uM)                 22.87004768     9.97287419    52.44617258    21.28426023    17.67120954    25.31271627
# KD_A2_(uM)                  2.85460895     1.59785402     5.09983524     3.20440988     2.43078683     4.17695236
# KD_B2_(uM)                  7.10230213     4.42179361    11.40774538     7.02103829     6.56147598     7.40089360
# Alpha                       3.22008938     1.23824554     8.37392530     3.01542877     2.64731342     3.55590311
# KD_1_(uM)                   6.55675663     2.44336020    17.59505514     6.64487083     6.41890304     6.82814204
# KD_2_(uM)                   9.95691108     6.83139913    14.51241193    10.25665538     9.45654537    10.97842729
# Gamma                       2.63405250     0.87794452     7.90281437     2.59147432     2.48719400     2.71524508
# Stoichiometric_ratio Target_enthalpy_(kcal_mol^-1) Fit_enthalpy Confidence_lower Confidence_upper Bootstrap_enthalpy Bootstrap_lower Bootstrap_upper
    0.29417798    -3.82632694    -3.11803665    -5.26733170    -0.96874159    -3.25147485    -4.25345330    -2.21985633
    0.52230771    -4.85844516    -4.61855765    -6.58160458    -2.65551071    -4.68427265    -5.25806504    -4.12392841
    0.75204897    -5.66806985    -5.68887553    -7.57789898    -3.79985207    -5.71901868    -6.01661659    -5.42581192
    0.98341315    -6.22965989    -6.44763891    -8.31927563    -4.57600218    -6.45177489    -6.89207048    -6.01380440
    1.21641171    -6.54201595    -6.96916968    -8.83710072    -5.10123864    -6.95956909    -7.75032880    -6.17493942
    1.45105620    -7.05842927    -7.30421126    -9.15466184    -5.45376068    -7.28446929    -7.75112516    -6.81210872
    1.68735825    -7.25083487    -7.49013298    -9.29606278    -5.68420318    -7.45962544    -7.91778473    -7.00553026
    1.92532956    -7.30002395    -7.55627335    -9.28765650    -5.82489019    -7.52021667    -8.01011792    -7.02110379
    2.16498192    -7.31280339    -7.52681330    -9.15713497    -5.89649163    -7.49334606    -7.90196601    -7.07897500
    2.40632722    -7.28144667    -7.42230963    -8.93213325    -5.91248601    -7.38182261    -7.68159622    -7.08923036
    2.64937741    -7.17288563    -7.26048372    -8.63888330    -5.88208413    -7.22503235    -7.44651243    -7.00314122
    2.89414453    -7.08217038    -7.05660918    -8.30109859    -5.81211977    -7.02393585    -7.17928838    -6.87097774
    3.14064072    -6.96866885    -6.82370721    -7.93917470    -5.70823973    -6.79451122    -7.10524958    -6.48603172
    3.38887818    -6.78525435    -6.57267503    -7.56973270    -5.57561735    -6.55174543    -6.96426344    -6.13461514
    3.63886922    -6.65419243    -6.31241583    -7.20548307    -5.41934858    -6.28874378    -6.95712189    -5.62663773
    3.89062622    -6.44270430    -6.04999928    -6.85536364    -5.24463492    -6.03135131    -6.75319783    -5.27364574
    4.14416167    -6.18811092    -5.79085614    -6.52490924    -5.05680303    -5.78271216    -6.55302105    -5.02518991
    4.39948811    -6.01899877    -5.53899660    -6.21681927    -4.86117394    -5.54317532    -6.43745522    -4.61831980
    4.65661822    -5.76946604    -5.29723730    -5.93166924    -4.66280536    -5.29851648    -6.19486071    -4.39467655
    4.91556472    -5.57678204    -5.06742193    -5.66866301    -4.46618086    -5.07050641    -6.02643919    -4.11652490
    5.17634044    -5.30765916    -4.85062452    -5.42629535    -4.27495369    -4.85902452    -5.71183243    -3.97998268
    5.43895832    -5.04194230    -4.64732812    -5.20283047    -4.09182577    -4.64799717    -5.38466553    -3.91506654
    5.70343135    -4.83397802    -4.45757623    -4.99657867    -3.91857378    -4.45864263    -5.19398892    -3.76431736
    5.96977266    -4.67349353    -4.28109687    -4.80601483    -3.75617891    -4.28303629    -5.02142524    -3.55432040
    6.23799543    -4.38171428    -4.11740144    -4.62980168    -3.60500121    -4.12268722    -4.63782371    -3.62612157
    6.50811295    -4.16706063    -3.96586138    -4.46676969    -3.46495307    -3.97386432    -4.35919127    -3.57191408
    6.78013862    -3.95919926    -3.82576623    -4.31588473    -3.33564772    -3.83443779    -4.11838382    -3.55330556
    7.05408591    -3.70518927    -3.69636651    -4.17621808    -3.21651493    -3.70596874    -3.85125600    -3.56740649
    0.39530166    -3.70520259    -3.46119669    -5.28339859    -1.63899480    -3.56670667    -4.67146275    -2.43599537
    0.70185098    -4.63239064    -4.90633718    -6.60805405    -3.20462030    -4.94784596    -5.48062850    -4.43167104
    1.01056580    -5.50865544    -5.86918791    -7.57293230    -4.16544352    -5.88150938    -6.10292490    -5.65786313
    1.32146142    -5.95914019    -6.49182152    -8.20929903    -4.77434401    -6.47880854    -6.90497113    -6.05572466
    1.63455324    -6.46704952    -6.86322870    -8.56030214    -5.16615526    -6.83296171    -7.61388930    -6.03687584
    1.94985677    -6.77188673    -7.04507462    -8.67650682    -5.41364241    -7.00997879    -7.48514926    -6.54981364
    2.26738765    -6.80762758    -7.08353924    -8.60952437    -5.55755411    -7.04885789    -7.49837300    -6.59856778
    2.58716159    -6.85755312    -7.01504169    -8.40815063    -5.62193276    -6.98795193    -7.48050927    -6.50158597
    2.90919446    -6.87220450    -6.86906586    -8.11598657    -5.62214516    -6.83710109    -7.24963144    -6.42207975
    3.23350220    -6.83021681    -6.66959675    -7.76995316    -5.56924033    -6.64380440    -6.93573119    -6.34867437
    3.56010089    -6.73407595    -6.43593383    -7.39956816    -5.47229949    -6.41253016    -6.62679847    -6.19542205
    3.88900672    -6.65389834    -6.18327065    -7.02690298    -5.33963832    -6.16285532    -6.30538378    -6.02287860
    4.22023596    -6.45127753    -5.92321859    -6.66707807    -5.17935911    -5.90730038    -6.20637740    -5.61064086
    4.55380505    -6.29822608    -5.66433334    -6.32915208    -4.99951461    -5.65255614    -6.07291981    -5.23498432
    4.88973051    -6.11573541    -5.41264280    -6.01731205    -4.80797354    -5.40525747    -6.07817448    -4.73034873
    5.22802899    -5.83718377    -5.17215244    -5.73227104    -4.61203384    -5.16853079    -5.92379691    -4.43226136
    5.56871724    -5.65823651    -4.94530389    -5.47268039    -4.41792740    -4.94511365    -5.70228259    -4.18684941
    5.91181215    -5.40869149    -4.73337013    -5.23629470    -4.23044556    -4.73915245    -5.66532241    -3.82458804
    6.25733073    -5.12738601    -4.53678143    -5.02072319    -4.05283968    -4.54247655    -5.42255748    -3.65782644
    6.60529009    -4.91020559    -4.35538393    -4.82378635    -3.88698151    -4.37223404    -5.30895019    -3.41369865
    6.95570747    -4.68442420    -4.18863785    -4.64361270    -3.73366300    -4.19432017    -5.05950008    -3.32299759
    7.30860024    -4.36160754    -4.03576505    -4.47861319    -3.59291690    -4.03950357    -4.78187521    -3.29748328
    7.66398588    -4.19397082    -3.89585556    -4.32742058    -3.46429054    -3.90105721    -4.60326362    -3.20271098
    8.02188201    -3.96618246    -3.76794239    -4.18883278    -3.34705201    -3.77158114    -4.51738334    -3.02988992
    8.38230636    -3.74159814    -3.65105230    -4.06177164    -3.24033295    -3.66127822    -4.17242406    -3.14644978
    8.74527678    -3.53700127    -3.54423888    -3.94525614    -3.14322161    -3.55039316    -3.94910053    -3.15403144
    9.11081127    -3.34059920    -3.44660300    -3.83838613    -3.05481988    -3.45928935    -3.73375433    -3.17066008
    9.47892794    -3.09942518    -3.35730425    -3.74033251    -2.97427599    -3.36536400    -3.49918955    -3.23023082
