# Experiment 0 Ligand   160.00000000 uM Receptor     5.00000000 uM Volume  1420.60000000 uL
# Guess_cost       999.83513322 (kcal_mol^-1)^2 Guess_chi_sq        41.65979722
# Fit_cost          15.40096978 (kcal_mol^-1)^2 Fit_chi_sq           0.64170707
# Bootstrap_cost    15.40322622 (kcal_mol^-1)^2 Bootstrap_chi_sq     0.64180109
# Parameter Fit_value Confidence_lower Confidence_upper Bootstrap_value Bootstrap_lower Bootstrap_upper
# Offset_1_(kcal_mol^-1)     -3.88690546    -5.23350136    -2.54030956    -3.86950528    -4.21993298    -3.08768627
# Eta                         2.60716840     2.15934129     3.05499551     2.61489439     2.44678798     2.86310371
# DeltaH_(kcal_mol^-1)       -2.66898227    -4.26836740    -1.06959714    -2.69425118    -3.93845178    -2.02699790
# DeltaG_(kcal_mol^-1)       -1.11811126    -3.17497478     0.93875227    -1.11461729    -1.73316512    -0.37470111
# KD_(uM)                     0.15150212     0.00470682     4.87652260     0.15239818     0.05365140     0.53130287
# Stoichiometric_ratio Target_enthalpy_(kcal_mol^-1) Fit_enthalpy Confidence_lower Confidence_upper Bootstrap_enthalpy Bootstrap_lower Bootstrap_upper
    0.29417389    -3.82632694    -6.53910315    -8.62299772    -4.45520857    -6.54676722   -11.46233317    -1.63341707
    0.52228498    -4.85844516    -6.53709324    -8.62025292    -4.45393355    -6.54473865    -9.63557841    -3.49679969
    0.75198173    -5.66806985    -6.53466225    -8.61694706    -4.45237744    -6.54228605    -8.18121473    -4.87957598
    0.98326412    -6.22965989    -6.53174610    -8.61300525    -4.45048694    -6.53934519    -7.31917227    -5.79855325
    1.21613215    -6.54201595    -6.52826198    -8.60833327    -4.44819069    -6.53583315    -7.09631835    -6.04682571
    1.45058584    -7.05842927    -6.52410147    -8.60281147    -4.44539147    -6.53164145    -7.66452764    -5.45862823
    1.68662517    -7.25083487    -6.51912050    -8.59628668    -4.44195433    -6.52662610    -7.97057693    -5.12416836
    1.92425014    -7.30002395    -6.51312456    -8.58856118    -4.43768794    -6.52059292    -8.10040061    -4.99114466
    2.16346076    -7.31280339    -6.50584622    -8.57937776    -4.43231468    -6.51327527    -8.07627822    -4.87069573
    2.40425703    -7.28144667    -6.49691047    -8.56839972    -4.42542121    -6.50429985    -8.03116673    -4.96706815
    2.64663895    -7.17288563    -6.48577975    -8.55518474    -4.41637477    -6.49313241    -7.87302365    -5.12046672
    2.89060651    -7.08217038    -6.47166444    -8.53915193    -4.40417695    -6.47898969    -7.71329828    -5.28297895
    3.13615972    -6.96866885    -6.45337305    -8.51954404    -4.38720205    -6.46069238    -7.47788952    -5.41061416
    3.38329857    -6.78525435    -6.42905457    -8.49538911    -4.36272002    -6.43641287    -7.16482362    -5.66369041
    3.63202307    -6.65419243    -6.39574441    -8.46546100    -4.32602781    -6.40323203    -6.95656587    -5.77303873
    3.88233322    -6.44270430    -6.34855316    -8.42816173    -4.26894460    -6.35634921    -6.64509574    -5.94533521
    4.13422901    -6.18811092    -6.27923939    -8.38080595    -4.17767282    -6.28769412    -6.52791777    -5.91192235
    4.38771046    -6.01899877    -6.17393167    -8.31594570    -4.03191764    -6.18370171    -6.45734925    -5.79835479
    4.64277754    -5.76946604    -6.01074166    -8.20789462    -3.81358869    -6.02290126    -6.40146103    -5.54279690
    4.89943028    -5.57678204    -5.76260984    -7.98809573    -3.53712396    -5.77826308    -6.05963908    -5.41031548
    5.15766865    -5.30765916    -5.41940629    -7.57771140    -3.26110117    -5.43785612    -5.68739476    -5.14063134
    5.41749268    -5.04194230    -5.02690157    -7.04843067    -3.00537248    -5.04376347    -5.34306163    -4.80998199
    5.67890235    -4.83397802    -4.67448167    -6.56170313    -2.78726021    -4.68468149    -5.00132536    -4.41957861
    5.94189767    -4.67349353    -4.41633783    -6.16123952    -2.67143614    -4.41858603    -4.87030207    -4.02895464
    6.20647864    -4.38171428    -4.24705525    -5.85872674    -2.63538376    -4.24299312    -4.52619717    -3.99532829
    6.47264525    -4.16706063    -4.13932181    -5.65256117    -2.62608245    -4.13100363    -4.35309597    -3.92511605
    6.74039751    -3.95919926    -4.06980639    -5.51978852    -2.61982425    -4.05874544    -4.33979384    -3.74932143
    7.00973541    -3.70518927    -4.02355344    -5.43507348    -2.61203340    -4.01071518    -4.37238853    -3.59225442
