# Experiment 0 Ligand    81.00000000 uM Receptor     3.00000000 uM Volume  1420.60000000 uL
# Guess_cost         0.19985546 (kcal_mol^-1)^2 Guess_chi_sq         0.00999277
# Fit_cost           0.00968566 (kcal_mol^-1)^2 Fit_chi_sq           0.00048428
# Bootstrap_cost     0.00955699 (kcal_mol^-1)^2 Bootstrap_chi_sq     0.00047785
# Parameter Fit_value Confidence_lower Confidence_upper Bootstrap_value Bootstrap_lower Bootstrap_upper
# Offset_1_(kcal_mol^-1)     -0.05936540    -0.11653558    -0.00219521    -0.06163229    -0.08211926    -0.02071929
# Eta                         1.01067640     0.94429797     1.07705483     1.00902244     0.95995437     1.04919475
# DeltaH_A1_(kcal_mol^-1)    -1.63549099    -2.53873382    -0.73224816    -1.59694762    -1.85300948     0.12561376
# DeltaH_B1_(kcal_mol^-1)     0.23550219    -0.90365175     1.37465613     0.25475968    -1.85681039     0.65651209
# DeltaH_A2_(kcal_mol^-1)    -4.21025075    -5.91543085    -2.50507066    -4.21960701    -4.67422753    -2.35631882
# DeltaH_B2_(kcal_mol^-1)    -2.33925757    -3.23039159    -1.44812355    -2.34308289    -4.50208665    -2.18495406
# DeltaG_A1_(kcal_mol^-1)     1.03822394     0.48247073     1.59397716     1.02894188     0.95837980     1.08894867
# DeltaG_B1_(kcal_mol^-1)     1.15432613     0.16800482     2.14064744     1.16162593     1.08070205     1.29216499
# DeltaG_A2_(kcal_mol^-1)    -0.31939112    -0.93044052     0.29165829    -0.34021823    -0.46536550    -0.12016486
# DeltaG_B2_(kcal_mol^-1)    -0.20328893    -0.74234989     0.33577203    -0.19861808    -0.31640640    -0.01141171
# KD_A1_(uM)                  5.76797660     2.25763393    14.73646972     5.67831772     5.04077511     6.28354860
# KD_B1_(uM)                  7.01660439     1.32784810    37.07708526     7.10358825     6.19669565     8.85449074
# KD_A2_(uM)                  0.58329018     0.20796120     1.63601404     0.56314248     0.45591586     0.81642922
# KD_B2_(uM)                  0.70955844     0.28566282     1.76247361     0.71517435     0.58623600     0.98092354
# Alpha                       9.88869136     2.45296420    39.86451041    10.11550888     7.21424611    11.70718302
# KD_1_(uM)                   3.16565791     1.02808968     9.74758347     3.16371179     3.04509479     3.28164017
# KD_2_(uM)                   1.29284862     0.65332134     2.55840036     1.26923091     1.10403187     1.75736757
# Gamma                       9.79436527     2.60518896    36.82250784     9.95313159     7.16383664    11.41266908
# Stoichiometric_ratio Target_enthalpy_(kcal_mol^-1) Fit_enthalpy Confidence_lower Confidence_upper Bootstrap_enthalpy Bootstrap_lower Bootstrap_upper
    0.24821267    -0.72502424    -0.78196761    -1.21439119    -0.34954403    -0.78080391    -0.83252783    -0.72913902
    0.44069713    -1.01358762    -0.98431759    -1.43060647    -0.53802871    -0.98345650    -1.04011942    -0.92590150
    0.63454132    -1.11451764    -1.08482810    -1.53645222    -0.63320398    -1.08538663    -1.13924827    -1.03032482
    0.82975484    -1.16127786    -1.13630254    -1.58859826    -0.68400683    -1.13620563    -1.18094911    -1.09235809
    1.02634738    -1.16618278    -1.15752554    -1.60632002    -0.70873106    -1.15774735    -1.17850450    -1.13864578
    1.22432867    -1.15859553    -1.15690327    -1.59746555    -0.71634099    -1.15717105    -1.17214687    -1.14442846
    1.42370852    -1.14121840    -1.13879436    -1.56565117    -0.71193755    -1.13931221    -1.15361940    -1.12538647
    1.62449681    -1.10268592    -1.10584757    -1.51301252    -0.69868261    -1.10623473    -1.12046507    -1.09181670
    1.82670350    -1.04013418    -1.06008514    -1.44163862    -0.67853167    -1.06033375    -1.09701849    -1.02281421
    2.03033859    -0.97479058    -1.00348524    -1.35446399    -0.65250649    -1.00344091    -1.05607040    -0.95217988
    2.23541219    -0.91863153    -0.93828837    -1.25572290    -0.62085384    -0.93743450    -0.97390619    -0.90175934
    2.44193445    -0.85970318    -0.86708665    -1.15084018    -0.58333312    -0.86672466    -0.88328477    -0.85054252
    2.64991561    -0.78710710    -0.79272048    -1.04567976    -0.53976119    -0.79245692    -0.80656360    -0.77843522
    2.85936596    -0.71266708    -0.71803353    -0.94533413    -0.49073293    -0.71768013    -0.73178481    -0.70380982
    3.07029590    -0.66540170    -0.64557726    -0.85303908    -0.43811544    -0.64526368    -0.68054878    -0.60941745
    3.28271588    -0.58963571    -0.57736704    -0.76990238    -0.38483169    -0.57711063    -0.60114975    -0.55331024
    3.49663641    -0.53252288    -0.51475919    -0.69555744    -0.33396093    -0.51488541    -0.54734804    -0.48160266
    3.71206810    -0.47865142    -0.45846058    -0.62910044    -0.28782072    -0.45846238    -0.49677800    -0.42064518
    3.92902162    -0.43017170    -0.40863516    -0.56967764    -0.24759268    -0.40860027    -0.44911864    -0.36864903
    4.14750773    -0.37328415    -0.36505400    -0.51663811    -0.21346990    -0.36524039    -0.38227803    -0.34826546
    4.36753725    -0.31693830    -0.32724413    -0.46947402    -0.18501424    -0.32735259    -0.34711047    -0.30731775
    4.58912108    -0.29597049    -0.29461027    -0.42773224    -0.16148830    -0.29480708    -0.30135996    -0.28814044
    4.81227020    -0.25585292    -0.26652174    -0.39096318    -0.14208029    -0.26667419    -0.28647158    -0.24700511
    5.03699568    -0.24046669    -0.24236735    -0.35870723    -0.12602747    -0.24254180    -0.24940111    -0.23568391
    5.26330864    -0.21385937    -0.22158559    -0.33050184    -0.11266933    -0.22174889    -0.23689977    -0.20692929
    5.49122031    -0.19501811    -0.20367786    -0.30589518    -0.10146053    -0.20379212    -0.22033012    -0.18738368
    5.72074196    -0.18399624    -0.18821125    -0.28445877    -0.09196373    -0.18844871    -0.19954105    -0.17592099
    5.95188498    -0.16540461    -0.17481538    -0.26579635    -0.08383442    -0.17458222    -0.19245972    -0.15675107
