# Experiment 0 Ligand   172.00000000 uM Receptor     4.00000000 uM Volume  1420.60000000 uL
# Guess_cost        12.76354062 (kcal_mol^-1)^2 Guess_chi_sq         0.63817703
# Fit_cost           7.42371765 (kcal_mol^-1)^2 Fit_chi_sq           0.37118588
# Bootstrap_cost     7.72014492 (kcal_mol^-1)^2 Bootstrap_chi_sq     0.38600725
# Parameter Fit_value Confidence_lower Confidence_upper Bootstrap_value Bootstrap_lower Bootstrap_upper
# Offset_1_(kcal_mol^-1)     -2.70275901    -3.16903694    -2.23648109    -2.70719024    -2.96675589    -2.52115954
# Eta                         1.02149675     0.98301070     1.05998280     1.02147609     1.01789968     1.02526097
# DeltaH_A1_(kcal_mol^-1)     6.84793381     0.41409278    13.28177484     6.79075671     3.09177826     8.27802176
# DeltaH_B1_(kcal_mol^-1)   -14.29767511   -20.90731652    -7.68803369   -14.24397128   -15.61709218   -12.84998467
# DeltaH_A2_(kcal_mol^-1)   -16.89029161   -23.33942135   -10.44116186   -16.93500648   -18.62988815   -14.65042882
# DeltaH_B2_(kcal_mol^-1)   -38.03590052   -49.29080810   -26.78099295   -37.95563805   -42.30774210   -30.92357109
# DeltaG_A1_(kcal_mol^-1)     0.92786690    -0.20662149     2.06235529     0.90821983    -0.20447694     1.25572112
# DeltaG_B1_(kcal_mol^-1)     1.71618172     0.87643385     2.55592960     1.72490006     0.70896963     2.00282207
# DeltaG_A2_(kcal_mol^-1)     0.34168343    -0.29436037     0.97772722     0.35309739     0.24541611     0.48073839
# DeltaG_B2_(kcal_mol^-1)     1.12999825     0.70888578     1.55111071     1.13266490     1.01849703     1.32220802
# KD_A1_(uM)                  4.78774723     0.70557858    32.48755597     4.63158690     0.70813712     8.32626146
# KD_B1_(uM)                 18.11215107     4.38965631    74.73250589    18.38063973     3.30886079    29.38183286
# KD_A2_(uM)                  1.78014636     0.60846042     5.20809723     1.81477256     1.51318236     2.25104261
# KD_B2_(uM)                  6.73433207     3.30839174    13.70793790     6.76471021     5.57909254     9.31505197
# Alpha                       2.68952450     0.55090273    13.13034327     2.70568357     0.36257947     4.64819116
# KD_1_(uM)                   3.78675922     0.66119563    21.68729596     3.69614217     0.58504721     6.11646004
# KD_2_(uM)                   8.51447843     4.64811787    15.59692436     8.52608517     7.44320577    11.25137852
# Gamma                       1.77897413     0.26240156    12.06070924     1.73055727     0.21339592     3.14693150
# Stoichiometric_ratio Target_enthalpy_(kcal_mol^-1) Fit_enthalpy Confidence_lower Confidence_upper Bootstrap_enthalpy Bootstrap_lower Bootstrap_upper
    0.39530166    -3.70520259    -3.18846597    -6.68386482     0.30693288    -3.22592875    -3.66601860    -2.79201913
    0.70185098    -4.63239064    -4.76832936    -7.64244505    -1.89421367    -4.73085851    -5.29984023    -4.18776168
    1.01056580    -5.50865544    -5.83229347    -8.40151047    -3.26307646    -5.81384511    -6.41332717    -5.22084546
    1.32146142    -5.95914019    -6.51562736    -9.00889110    -4.02236362    -6.54552090    -7.50156764    -5.58459669
    1.63455324    -6.46704952    -6.90865781    -9.37307066    -4.44424496    -6.95594415    -7.73250254    -6.19804600
    1.94985677    -6.77188673    -7.07972117    -9.45725950    -4.70218285    -7.11338855    -7.68810078    -6.54648386
    2.26738765    -6.80762758    -7.08472205    -9.29809981    -4.87134429    -7.09516951    -7.62806178    -6.56667511
    2.58716159    -6.85755312    -6.97067033    -8.96590874    -4.97543192    -6.96094627    -7.27828099    -6.62613634
    2.90919446    -6.87220450    -6.77665565    -8.53409243    -5.01921887    -6.75911094    -7.07182808    -6.40724474
    3.23350220    -6.83021681    -6.53407664    -8.06357092    -5.00458235    -6.50464597    -7.10699502    -5.90713272
    3.56010089    -6.73407595    -6.26699581    -7.59736997    -4.93662166    -6.23451528    -7.11389594    -5.36134156
    3.88900672    -6.65389834    -5.99288124    -7.16111520    -4.82464727    -5.95727671    -7.16015781    -4.74193194
    4.22023596    -6.45127753    -5.72365976    -6.76648025    -4.68083926    -5.71170770    -7.05112996    -4.39171761
    4.55380505    -6.29822608    -5.46689030    -6.41568685    -4.51809374    -5.44697630    -7.00940180    -3.90932060
    4.88973051    -6.11573541    -5.22688276    -6.10577880    -4.34798671    -5.21250250    -6.87602546    -3.58507153
    5.22802899    -5.83718377    -5.00565638    -5.83182975    -4.17948302    -4.98582722    -6.54144796    -3.41754248
    5.56871724    -5.65823651    -4.80369849    -5.58880405    -4.01859293    -4.80095883    -6.39000520    -3.18636213
    5.91181215    -5.40869149    -4.62052993    -5.37232358    -3.86873628    -4.61476848    -6.10428395    -3.15390111
    6.25733073    -5.12738601    -4.45510637    -5.17880487    -3.73140787    -4.44138461    -5.71957492    -3.16610755
    6.60529009    -4.91020559    -4.30609116    -5.00534379    -3.60683852    -4.30040930    -5.44453792    -3.14373026
    6.95570747    -4.68442420    -4.17203341    -4.84955134    -3.49451549    -4.17947438    -5.13223154    -3.19241378
    7.30860024    -4.36160754    -4.05147912    -4.70941642    -3.39354181    -4.05648294    -4.65334595    -3.45505850
    7.66398588    -4.19397082    -3.94303652    -4.58320946    -3.30286358    -3.94761018    -4.44456200    -3.45363549
    8.02188201    -3.96618246    -3.84541130    -4.46941917    -3.22140343    -3.85057514    -4.14628121    -3.55093894
    8.38230636    -3.74159814    -3.75742231    -4.36671152    -3.14813311    -3.76324647    -3.96845294    -3.57432382
    8.74527678    -3.53700127    -3.67800541    -4.27390234    -3.08210848    -3.68579811    -4.01468538    -3.37175946
    9.11081127    -3.34059920    -3.60621007    -4.18993768    -3.02248246    -3.61396508    -4.11888931    -3.10549418
    9.47892794    -3.09942518    -3.54119227    -4.11387871    -2.96850582    -3.54857315    -4.35634581    -2.74172713
