# Experiment 0 Ligand    81.00000000 uM Receptor     3.00000000 uM Volume  1420.60000000 uL
# Guess_cost         0.21719578 (kcal_mol^-1)^2 Guess_chi_sq         0.01085979
# Fit_cost           0.01004093 (kcal_mol^-1)^2 Fit_chi_sq           0.00050205
# Bootstrap_cost     0.01001426 (kcal_mol^-1)^2 Bootstrap_chi_sq     0.00050071
# Parameter Fit_value Confidence_lower Confidence_upper Bootstrap_value Bootstrap_lower Bootstrap_upper
# Offset_1_(kcal_mol^-1)     -0.06616823    -0.12301240    -0.00932407    -0.06920754    -0.09166482    -0.03384305
# Eta                         0.97234040     0.90303652     1.04164428     0.97221818     0.92189517     1.01940685
# DeltaH_A1_(kcal_mol^-1)    -1.64046423    -2.57588601    -0.70504245    -1.57250991    -1.78675221     0.70106047
# DeltaH_B1_(kcal_mol^-1)     0.30228852    -0.85380613     1.45838316     0.18192235    -1.85358427     0.63766110
# DeltaH_A2_(kcal_mol^-1)    -4.35130262    -6.10012640    -2.60247884    -4.18973465    -4.71248997    -2.28759639
# DeltaH_B2_(kcal_mol^-1)    -2.40854987    -3.32877587    -1.48832388    -2.46756757    -4.75304040    -2.19355296
# DeltaG_A1_(kcal_mol^-1)     1.05160620     0.47755891     1.62565348     1.03976552     0.93226325     1.07877505
# DeltaG_B1_(kcal_mol^-1)     1.11475211     0.12304492     2.10645931     1.12054240     1.06461678     1.23317836
# DeltaG_A2_(kcal_mol^-1)    -0.25404474    -0.84762012     0.33953063    -0.28047194    -0.39575034    -0.11989045
# DeltaG_B2_(kcal_mol^-1)    -0.19089883    -0.74009929     0.35830164    -0.18974968    -0.30449090     0.00252170
# KD_A1_(uM)                  5.89973836     2.23899506    15.54577465     5.78300376     4.82340530     6.17657421
# KD_B1_(uM)                  6.56325133     1.23081437    34.99818426     6.62770762     6.03072571     8.01541626
# KD_A2_(uM)                  0.65130422     0.23916085     1.77368993     0.62289181     0.51275861     0.81680744
# KD_B2_(uM)                  0.72455303     0.28674999     1.83078331     0.72595969     0.59814517     1.00426521
# Alpha                       9.05834499     2.24786550    36.50290188     9.21450350     6.81939394    10.77540361
# KD_1_(uM)                   3.10691629     0.96954899     9.95610219     3.09027224     2.90659820     3.21455654
# KD_2_(uM)                   1.37585726     0.69662185     2.71737558     1.35066569     1.15493261     1.78938997
# Gamma                       9.03267042     2.32583234    35.07954274     9.13801269     6.72372254    10.66010934
# Stoichiometric_ratio Target_enthalpy_(kcal_mol^-1) Fit_enthalpy Confidence_lower Confidence_upper Bootstrap_enthalpy Bootstrap_lower Bootstrap_upper
    0.24821267    -0.69572946    -0.75293556    -1.19104819    -0.31482292    -0.75206695    -0.80272399    -0.70351625
    0.44069713    -0.99245778    -0.96209520    -1.41446119    -0.50972920    -0.96210006    -1.01894689    -0.90200265
    0.63454132    -1.09471561    -1.06772208    -1.52601598    -0.60942818    -1.06737325    -1.11652547    -1.01711067
    0.82975484    -1.14475302    -1.12234865    -1.58152709    -0.66317020    -1.12271791    -1.16276378    -1.08239141
    1.02634738    -1.15876250    -1.14514143    -1.60048261    -0.68980025    -1.14536492    -1.17184615    -1.12022648
    1.22432867    -1.15754237    -1.14484986    -1.59095670    -0.69874303    -1.14534062    -1.16921322    -1.12115995
    1.42370852    -1.12118742    -1.12613863    -1.55685416    -0.69542310    -1.12651453    -1.14281709    -1.11092669
    1.62449681    -1.08111986    -1.09196796    -1.50075942    -0.68317650    -1.09227729    -1.11485633    -1.06962051
    1.82670350    -1.03162740    -1.04469943    -1.42541846    -0.66398040    -1.04507076    -1.07061994    -1.01899839
    2.03033859    -0.96760272    -0.98667056    -1.33458604    -0.63875508    -0.98693297    -1.02250627    -0.95142192
    2.23541219    -0.89494414    -0.92046277    -1.23331503    -0.60761050    -0.91962969    -0.96658986    -0.87511194
    2.44193445    -0.82964081    -0.84893287    -1.12759747    -0.57026827    -0.84894931    -0.88396022    -0.81397472
    2.64991561    -0.75749371    -0.77505638    -1.02338521    -0.52672756    -0.77405781    -0.80584956    -0.74273302
    2.85936596    -0.70859656    -0.70166011    -0.92534367    -0.47797655    -0.70122006    -0.71780671    -0.68472886
    3.07029590    -0.65072676    -0.63114741    -0.83601178    -0.42628304    -0.63082803    -0.66614981    -0.59596809
    3.28271588    -0.57425341    -0.56530869    -0.75590477    -0.37471260    -0.56473359    -0.58428903    -0.54528567
    3.49663641    -0.51840086    -0.50526129    -0.68436591    -0.32615667    -0.50460905    -0.53021507    -0.47791203
    3.71206810    -0.47306134    -0.45150756    -0.62043825    -0.28257686    -0.45129252    -0.49106543    -0.41165645
    3.92902162    -0.42505997    -0.40406525    -0.56330141    -0.24482908    -0.40369711    -0.44219529    -0.36424374
    4.14750773    -0.37459052    -0.36261976    -0.51233544    -0.21290408    -0.36241959    -0.38564761    -0.34033056
    4.36753725    -0.33114357    -0.32666224    -0.46704215    -0.18628233    -0.32671835    -0.33751088    -0.31590370
    4.58912108    -0.29801797    -0.29559637    -0.42696651    -0.16422623    -0.29571535    -0.30344055    -0.28802302
    4.81227020    -0.26725161    -0.26881132    -0.39165713    -0.14596551    -0.26915171    -0.27596086    -0.26221567
    5.03699568    -0.23612838    -0.24572604    -0.36065857    -0.13079352    -0.24613571    -0.26401437    -0.22826334
    5.26330864    -0.21651250    -0.22581238    -0.33351927    -0.11810548    -0.22628808    -0.24378824    -0.20881085
    5.49122031    -0.19391388    -0.20860417    -0.30980365    -0.10740469    -0.20911925    -0.23460774    -0.18286930
    5.72074196    -0.18634208    -0.19369788    -0.28910241    -0.09829335    -0.19434414    -0.20982093    -0.17875082
    5.95188498    -0.17359861    -0.18074859    -0.27103943    -0.09045775    -0.18162221    -0.19704307    -0.16556573
