# Experiment 0 Ligand    60.00000000 uM Receptor     3.00000000 uM Volume  1420.60000000 uL
# Experiment 1 Ligand    60.00000000 uM Receptor     3.00000000 uM Volume  1420.60000000 uL
# Experiment 2 Ligand    55.00000000 uM Receptor     3.00000000 uM Volume  1420.60000000 uL
# Guess_cost     37945.69760564 (kcal_mol^-1)^2 Guess_chi_sq       486.48330264
# Fit_cost          71.55044217 (kcal_mol^-1)^2 Fit_chi_sq           0.91731336
# Bootstrap_cost    71.55595852 (kcal_mol^-1)^2 Bootstrap_chi_sq     0.91738408
# Parameter Fit_value Confidence_lower Confidence_upper Bootstrap_value Bootstrap_lower Bootstrap_upper
# Offset_1_(kcal_mol^-1)     -0.27120851    -1.03512014     0.49270312    -0.26830279    -1.60074519     1.36701767
# Offset_2_(kcal_mol^-1)     -0.75267897    -1.51659059     0.01123266    -0.74844200    -2.08740394     0.87402335
# Offset_3_(kcal_mol^-1)     -1.44669511    -2.24034054    -0.65304968    -1.45353777    -2.83063874     0.25265911
# Eta                         1.15752861     1.13681923     1.17823799     1.15734222     1.12993439     1.19259690
# DeltaH_(kcal_mol^-1)      -31.98283086   -33.15841876   -30.80724296   -31.99282487   -34.38022738   -30.01557554
# DeltaG_(kcal_mol^-1)       -0.91833020    -1.03556367    -0.80109674    -0.91870027    -1.05897650    -0.76668266
# KD_(uM)                     0.22537394     0.18633558     0.27259106     0.22523866     0.17938993     0.28824468
# Stoichiometric_ratio Target_enthalpy_(kcal_mol^-1) Fit_enthalpy Confidence_lower Confidence_upper Bootstrap_enthalpy Bootstrap_lower Bootstrap_upper
    0.18385868   -28.29645447   -31.13669655   -32.51976253   -29.75363058   -31.14389017   -36.30152065   -26.02826035
    0.32642811   -30.54732800   -30.97230546   -32.35482780   -29.58978313   -30.97948116   -32.05721794   -29.90797113
    0.46998858   -31.49857878   -30.77257566   -32.15503620   -29.39011512   -30.77972093   -32.27367751   -29.29694318
    0.61454007   -31.45123693   -30.52800492   -31.91121485   -29.14479498   -30.53510111   -32.29740482   -28.74453767
    0.76008260   -31.31357208   -30.22579464   -31.61104751   -28.84054177   -30.23281369   -32.34778103   -28.09760906
    0.90661615   -31.23357540   -29.84856999   -31.23783513   -28.45930485   -29.85546928   -32.49625713   -27.18873770
    1.05414073   -30.42278959   -29.37263764   -30.76875587   -27.97651942   -29.37935203   -31.37532119   -27.31799599
    1.20265634   -29.49049363   -28.76574481   -30.17249298   -27.35899664   -28.77217456   -30.18412119   -27.28656777
    1.35216298   -28.53076496   -27.98455431   -29.40623840   -26.56287022   -27.99054763   -29.06716250   -26.87183288
    1.50266065   -27.39999780   -26.97275399   -28.41264424   -25.53286375   -26.97808456   -27.85864219   -26.07411602
    1.65414934   -25.58392971   -25.66230464   -27.11894611   -24.20566317   -25.66665036   -26.12703671   -25.18810357
    1.80662907   -23.72561176   -23.98301905   -25.44414114   -22.52189696   -23.98596202   -24.60532005   -23.33239437
    1.96009982   -21.61452815   -21.88774378   -23.32488393   -20.45060363   -21.88883103   -22.55540390   -21.23103722
    2.11456161   -18.64714093   -19.39504627   -20.76772185   -18.02237070   -19.39394827   -20.78578557   -17.94649167
    2.27001442   -16.27641927   -16.62947781   -17.90596426   -15.35299136   -16.62620210   -17.41382900   -15.83476768
    2.42645826   -13.47742994   -13.81448619   -14.99418061   -12.63479177   -13.80947363   -14.62521008   -13.02238946
    2.58389313   -10.90685796   -11.19534061   -12.30214079   -10.08854043   -11.18930445   -11.94526342   -10.48374603
    2.74231903    -9.29224386    -8.94363693    -9.99835592    -7.88891793    -8.93726342    -9.73065717    -8.18568177
    2.90173596    -7.10650483    -7.11829296    -8.12814665    -6.10843928    -7.11204674    -7.53652606    -6.74094773
    3.06214392    -6.16809252    -5.69165356    -6.65808216    -4.72522496    -5.68576198    -6.67456236    -4.75902815
    3.22354291    -5.08888614    -4.59633626    -5.52207083    -3.67060170    -4.59086477    -5.64603455    -3.59778632
    3.38593293    -3.87839659    -3.75921038    -4.64948763    -2.86893314    -3.75414092    -4.39679433    -3.16016133
    3.54931397    -3.39630736    -3.11696686    -3.97818930    -2.25574442    -3.11224880    -3.98307347    -2.24420948
    3.71368605    -3.07250853    -2.61999470    -3.45837973    -1.78160966    -2.61557088    -3.78700332    -1.47193824
    3.87904915    -2.32274543    -2.23119360    -3.05207285    -1.41031435    -2.22701134    -3.12117034    -1.29182055
    4.04540328    -2.42092464    -1.92337046    -2.73100603    -1.11573489    -1.91938500    -3.22621348    -0.53722398
    4.21274844    -1.91432711    -1.67670495    -2.47437131    -0.87903860    -1.67287972    -2.76021948    -0.48300549
    4.38108463     2.77651404    -1.47671533    -2.26687474    -0.68655592    -1.47302093    -8.89690218     6.14661514
    0.18385868   -28.81895055   -31.61816701   -33.00123298   -30.23510103   -31.62402938   -36.80945452   -26.56000123
    0.32642811   -30.78778003   -31.45377592   -32.83629825   -30.07125358   -31.45962037   -32.51640151   -30.43267594
    0.46998858   -31.67544006   -31.25404611   -32.63650665   -29.87158558   -31.25986014   -32.76789558   -29.77364260
    0.61454007   -32.26584293   -31.00947537   -32.39268530   -29.62626543   -31.01524033   -32.77185577   -29.18237148
    0.76008260   -32.24351094   -30.70726509   -32.09251796   -29.32201223   -30.71295291   -32.80862059   -28.62504018
    0.90661615   -31.72535140   -30.33004044   -31.71930558   -28.94077530   -30.33560849   -32.92111504   -27.74574363
    1.05414073   -30.95441423   -29.85410810   -31.25022632   -28.45798987   -29.85949125   -31.81745206   -27.84680616
    1.20265634   -29.97141080   -29.24721526   -30.65396344   -27.84046709   -29.25231377   -30.67045035   -27.80382808
    1.35216298   -29.00816336   -28.46602476   -29.88770886   -27.04434067   -28.47068684   -29.54851419   -27.36732638
    1.50266065   -27.54435405   -27.45422445   -28.89411469   -26.01433420   -27.45822377   -28.35698403   -26.55129073
    1.65414934   -25.87746743   -26.14377510   -27.60041657   -24.68713362   -26.14678958   -26.60200625   -25.66477344
    1.80662907   -24.02657149   -24.46448950   -25.92561159   -23.00336742   -24.46610124   -25.08769441   -23.81568756
    1.96009982   -21.57024490   -22.36921424   -23.80635439   -20.93207409   -22.36897024   -23.01418462   -21.69606887
    2.11456161   -18.87973641   -19.87651672   -21.24919230   -18.50384115   -19.87408748   -21.28892203   -18.50152146
    2.27001442   -16.38954663   -17.11094826   -18.38743471   -15.83446182   -17.10634131   -17.89721506   -16.32788144
    2.42645826   -13.62249531   -14.29595665   -15.47565107   -13.11626222   -14.28961285   -15.10366552   -13.51256829
    2.58389313   -11.28878714   -11.67681106   -12.78361125   -10.57001088   -11.66944367   -12.43179369   -10.95083661
    2.74231903    -9.48556433    -9.42510738   -10.47982637    -8.37038839    -9.41740263   -10.20945149    -8.65964132
    2.90173596    -7.60619560    -7.59976342    -8.60961710    -6.58990973    -7.59218596    -8.01618801    -7.22029952
    3.06214392    -5.92528825    -6.17312401    -7.13955261    -5.20669541    -6.16590120    -7.15970115    -5.20962701
    3.22354291    -5.02305377    -5.07780672    -6.00354128    -4.15207216    -5.07100399    -6.09898118    -4.05019860
    3.38593293    -4.43210827    -4.24068084    -5.13095809    -3.35040359    -4.23428014    -4.89056603    -3.62717083
    3.54931397    -3.80071233    -3.59843732    -4.45965976    -2.73721487    -3.59238802    -4.45268314    -2.72432326
    3.71368605    -3.11623804    -3.10146515    -3.93985018    -2.26308012    -3.09571010    -4.26437953    -1.94577326
    3.87904915    -3.02118036    -2.71266405    -3.53354330    -1.89178480    -2.70715055    -3.61528670    -1.76659778
    4.04540328    -2.44682459    -2.40484092    -3.21247649    -1.59720535    -2.39952422    -3.73736123    -1.00942810
    4.21274844    -2.10179792    -2.15817541    -2.95584176    -1.36050905    -2.15301893    -3.25549661    -0.96797397
    4.38108463    -2.17327392    -1.95818578    -2.74834519    -1.16802638    -1.95316015    -9.36610980     5.48291443
    0.16853712   -29.00291683   -32.32116347   -33.72091364   -30.92141330   -32.33810643   -37.43524768   -27.13625723
    0.29922577   -30.60281498   -32.17179620   -33.57101015   -30.77258225   -32.18872372   -33.20288740   -31.14691185
    0.43082286   -31.46633259   -31.99314056   -33.39218829   -30.59409284   -32.01004261   -33.52540783   -30.50948057
    0.56332840   -31.95337791   -31.77816391   -33.17765341   -30.37867441   -31.79502603   -33.57664003   -29.98380962
    0.69674238   -31.81453884   -31.51763502   -32.91851467   -30.11675537   -31.53443624   -33.63616279   -29.40946230
    0.83106480   -31.30922718   -31.19934920   -32.60303884   -29.79565956   -31.21605880   -33.78781199   -28.54198146
    0.96629567   -31.04380361   -30.80708868   -32.21562639   -29.39855096   -30.82366142   -32.83108517   -28.74012195
    1.10243498   -30.43820810   -30.31927621   -31.73542973   -28.90312268   -30.33564515   -31.72273907   -28.84658632
    1.23948273   -29.53346308   -29.70735662   -31.13456443   -28.28014882   -29.72342280   -30.81959566   -28.59102961
    1.37743892   -29.06839743   -28.93416501   -30.37601525   -27.49231477   -28.94978334   -29.83582775   -28.02189488
    1.51630356   -28.17250848   -27.95307016   -29.41180956   -26.49433076   -27.96803268   -28.42160820   -27.47035208
    1.65607665   -26.59982304   -26.70972713   -28.18320393   -25.23625033   -26.72374900   -27.33856587   -26.05823123
    1.79675817   -25.08428352   -25.14981139   -26.62688862   -23.67273416   -25.16253419   -25.81624144   -24.47788983
    1.93834814   -23.26954601   -23.23696882   -24.69370673   -21.78023092   -23.24800734   -24.65178414   -21.82040711
    2.08084655   -21.47871650   -20.98173332   -22.38408046   -19.57938617   -20.99078888   -21.73429098   -20.21375848
    2.22425341   -18.74781883   -18.46998562   -19.78796801   -17.15200323   -18.47700322   -19.22109557   -17.74312868
    2.36856871   -16.56068495   -15.86477771   -17.09074994   -14.63880548   -15.87004388   -16.57261426   -15.17452051
    2.51379245   -13.97625233   -13.36282468   -14.51318471   -12.21246466   -13.36689717   -14.17563914   -12.58681318
    2.65992463   -12.01670426   -11.12678536   -12.22307629   -10.03049443   -11.13028507   -11.62567981   -10.68514293
    2.80696526    -9.86053620    -9.24125191   -10.29507361    -8.18743020    -9.24467338   -10.21452268    -8.30345719
    2.95491433    -7.97751640    -7.71450046    -8.72887735    -6.70012356    -7.71814312    -8.72283281    -6.74659911
    3.10377185    -6.71569019    -6.50752976    -7.48374654    -5.53131299    -6.51152747    -7.04786073    -6.01006450
    3.25353781    -5.52341847    -5.56363831    -6.50465399    -4.62262263    -5.56802040    -6.34033904    -4.80028751
    3.40421221    -4.86661647    -4.82670568    -5.73718820    -3.91622316    -4.83144863    -5.90519361    -3.73573472
    3.55579505    -4.61590651    -4.24894537    -5.13421744    -3.36367329    -4.25400496    -5.05676151    -3.43063766
    3.70828634    -3.92102723    -3.79252872    -4.65767653    -2.92738091    -3.79785688    -5.06161924    -2.53826431
    3.86168607    -3.32152277    -3.42857538    -4.27799221    -2.57915854    -3.43412754    -4.46787058    -2.33249977
    4.01599425    -3.12223743    -3.13539549    -3.97265651    -2.29813448    -3.14113320   -10.73589160     4.57437953
