# Experiment 0 Ligand    42.00000000 uM Receptor     3.00000000 uM Volume  1420.60000000 uL
# Experiment 1 Ligand    49.40000000 uM Receptor     3.00000000 uM Volume  1420.60000000 uL
# Guess_cost     33929.04787078 (kcal_mol^-1)^2 Guess_chi_sq       665.27544845
# Fit_cost          96.13424071 (kcal_mol^-1)^2 Fit_chi_sq           1.88498511
# Bootstrap_cost    96.15275534 (kcal_mol^-1)^2 Bootstrap_chi_sq     1.88534814
# Parameter Fit_value Confidence_lower Confidence_upper Bootstrap_value Bootstrap_lower Bootstrap_upper
# Offset_1_(kcal_mol^-1)     -4.61421485    -7.52153437    -1.70689532    -4.57310868    -6.34753116    -2.20474783
# Offset_2_(kcal_mol^-1)     -5.66310621    -8.44372547    -2.88248696    -5.65128322    -7.08129485    -3.50151720
# Eta                         1.22937514     1.15563384     1.30311645     1.23057665     1.19098722     1.28054985
# DeltaH_(kcal_mol^-1)      -26.44189907   -29.98364302   -22.90015513   -26.47822619   -30.15160019   -23.87088921
# DeltaG_(kcal_mol^-1)       -0.95864307    -1.23834275    -0.67894340    -0.95716222    -1.17740551    -0.70719111
# KD_(uM)                     0.21110448     0.13409378     0.33234281     0.21161231     0.14802931     0.31745465
# Stoichiometric_ratio Target_enthalpy_(kcal_mol^-1) Fit_enthalpy Confidence_lower Confidence_upper Bootstrap_enthalpy Bootstrap_lower Bootstrap_upper
    0.12870107   -24.94071454   -30.26423359   -34.77861755   -25.74984963   -30.25732094   -39.84975888   -20.60751151
    0.22849968   -29.22970595   -30.18557540   -34.69460263   -25.67654817   -30.17853047   -32.24390093   -28.21904496
    0.32899201   -30.23879876   -30.09542032   -34.59854517   -25.59229546   -30.08823648   -31.20670900   -29.07150352
    0.43017805   -30.91422705   -29.99194989   -34.48861202   -25.49528776   -29.98462204   -31.98775949   -28.08723292
    0.53205782   -31.23232313   -29.87294303   -34.36257842   -25.38330765   -29.86546850   -32.57689782   -27.24502669
    0.63463130   -31.33988302   -29.73567238   -34.21773070   -25.25361406   -29.72805228   -32.84043023   -26.69338602
    0.73789851   -31.25642417   -29.57677183   -34.05074266   -25.10280100   -29.56901293   -32.83486908   -26.38184585
    0.84185944   -31.03247601   -29.39206774   -33.85751822   -24.92661727   -29.38418518   -32.58128607   -26.26191184
    0.94651408   -30.66957345   -29.17636534   -33.63299183   -24.71973886   -29.16838641   -32.06254076   -26.38560622
    1.05186245   -30.38208810   -28.92318219   -33.37087679   -24.47548758   -28.91515166   -31.71229614   -26.10861251
    1.15790454   -29.98228559   -28.62442383   -33.06335127   -24.18549639   -28.61641128   -31.22296441   -26.03305328
    1.26464035   -29.41793895   -28.27000648   -32.70067518   -23.83933778   -28.26211602   -30.46616916   -26.06902242
    1.37206988   -28.51526227   -27.84745396   -32.27074092   -23.42416700   -27.83983670   -29.17045576   -26.46213635
    1.48019313   -27.68093512   -27.34154232   -31.75858847   -22.92449616   -27.33441102   -28.13726552   -26.51368055
    1.58901009   -26.69158270   -26.73414999   -31.14597823   -22.32232176   -26.72779368   -27.24683878   -26.19826642
    1.69852078   -25.89283805   -26.00461104   -30.41125020   -21.59797188   -25.99940382   -26.53823472   -25.42997303
    1.80872519   -24.29367072   -25.13105851   -29.52995279   -20.73216424   -25.12745120   -26.71130109   -23.55083429
    1.91962332   -23.05807609   -24.09341454   -28.47711035   -19.70971872   -24.09189054   -26.01177532   -22.14052684
    2.03121517   -22.04753426   -22.87861013   -27.23232446   -18.52489579   -22.87958459   -24.47273509   -21.25870044
    2.14350075   -20.76784839   -21.48789737   -25.78850090   -17.18729385   -21.49155148   -22.89534174   -20.07162395
    2.25648004   -18.85288036   -19.94441940   -24.16279426   -15.72604454   -19.95050397   -21.97690185   -17.93366330
    2.37015305   -17.51536578   -18.29707173   -22.40436703   -14.18977642   -18.30477378   -19.77174721   -16.79510747
    2.48451978   -16.22374900   -16.61622871   -20.59131498   -12.64114244   -16.62421670   -17.47014118   -15.73759328
    2.59958023   -14.53589400   -14.98037930   -18.81404495   -11.14671365   -14.98706443   -15.92426530   -14.03265356
    2.71533440   -13.00185142   -13.45878070   -17.15284182    -9.76471958   -13.46268678   -14.45886106   -12.50299642
    2.83178230   -11.96474395   -12.09836100   -15.66201028    -8.53471172   -12.09842100   -12.68513217   -11.52412147
    2.94892391   -10.59967227   -10.91987437   -14.36632916    -7.47341958   -10.91554116   -11.69648656   -10.13736439
    3.06675924    -9.58631565    -9.92219367   -13.26657007    -6.57781726    -9.91338132   -10.72546401    -9.12107178
    0.15137698   -25.92855267   -31.30423031   -35.73745444   -26.87100618   -31.32658680   -40.99362839   -21.75296763
    0.26875915   -29.60866344   -31.21163928   -35.63850905   -26.78476952   -31.23384475   -33.35812428   -29.19361587
    0.38695726   -30.51173982   -31.10336486   -35.52316565   -26.68356407   -31.12541197   -32.29065265   -29.99989779
    0.50597133   -31.08187219   -30.97632876   -35.38832523   -26.56433229   -30.99821318   -33.01390912   -29.02130425
    0.62580134   -31.25347881   -30.82663242   -35.23009312   -26.42317171   -30.84835488   -33.53256527   -28.21037615
    0.74644729   -31.19758200   -30.64930327   -35.04354171   -26.25506483   -30.67087264   -33.83547012   -27.57730704
    0.86790920   -31.10164732   -30.43795749   -34.82239627   -26.05351870   -30.45939547   -33.69174818   -27.15851570
    0.99018705   -30.95547418   -30.18435523   -34.55862011   -25.81009036   -30.20570337   -33.29005371   -27.10905290
    1.11328085   -30.72063466   -29.87782461   -34.24187095   -25.51377826   -29.89915456   -32.73200220   -26.99369120
    1.23719060   -30.06888869   -29.50454135   -33.85879997   -25.15028273   -29.52596968   -32.31934324   -26.72063256
    1.36191629   -29.28034576   -29.04668974   -33.39217842   -24.70120106   -29.06839829   -31.67633217   -26.44444561
    1.48745793   -28.50236433   -28.48162702   -32.81988611   -24.14336792   -28.50388866   -30.60205229   -26.27013643
    1.61381552   -27.48598425   -27.78138452   -32.11393774   -23.44883129   -27.80459058   -29.07979052   -26.45988299
    1.74098906   -26.37077424   -26.91323404   -31.24007707   -22.58639100   -26.93791105   -27.72959375   -26.10237427
    1.86897854   -25.47028334   -25.84264261   -30.15922567   -21.52605955   -25.86943042   -26.39374070   -25.25701864
    1.99778397   -24.39341499   -24.54045978   -28.83328313   -20.24763644   -24.57000425   -25.17024552   -23.88161305
    2.12740535   -22.96439326   -22.99564922   -27.23850175   -18.75279669   -23.02836362   -24.58216090   -21.36603177
    2.25784267   -21.61031689   -21.23158488   -25.38673203   -17.07643773   -21.26730120   -23.17493271   -19.24514473
    2.38909594   -20.21135181   -19.31755337   -23.34496528   -15.29014146   -19.35523503   -20.90329071   -17.72811184
    2.52116516   -18.21905167   -17.36307359   -21.23354246   -13.49260472   -17.40086533   -18.79112257   -15.95914473
    2.65405033   -16.50075995   -15.49055181   -19.19297566   -11.78812796   -15.52627287   -17.48051217   -13.48459205
    2.78775144   -14.94372574   -13.79977368   -17.33893150   -10.26061587   -13.83158280   -15.27858651   -12.31348543
    2.92226850   -13.44071992   -12.34579687   -15.73626530    -8.95532843   -12.37261495   -13.21781476   -11.52283630
    3.05760151   -11.92320159   -11.13914129   -14.40054656    -7.87773602   -11.16067666   -12.01607987   -10.27374345
    3.19375047   -10.48687995   -10.16018803   -13.31408223    -7.00629384   -10.17671031   -11.01175779    -9.31375429
    3.33071537    -9.38152841    -9.37542253   -12.44287377    -6.30797128    -9.38749316    -9.81594089    -8.93855123
    3.46849622    -8.03068588    -8.74885433   -11.74871404    -5.74899463    -8.75712572    -9.42886503    -8.05952045
    3.60709301    -7.25337928    -8.24789017   -11.19592308    -5.29985727    -8.25299115    -8.97543506    -7.46969387
