# Experiment 0 Ligand    42.00000000 uM Receptor     3.00000000 uM Volume  1420.60000000 uL
# Guess_cost        46.11905196 (kcal_mol^-1)^2 Guess_chi_sq         2.30595260
# Fit_cost          28.89385386 (kcal_mol^-1)^2 Fit_chi_sq           1.44469269
# Bootstrap_cost    29.02864308 (kcal_mol^-1)^2 Bootstrap_chi_sq     1.45143215
# Parameter Fit_value Confidence_lower Confidence_upper Bootstrap_value Bootstrap_lower Bootstrap_upper
# Offset_1_(kcal_mol^-1)     -0.58688188    -0.99089975    -0.18286400    -0.58734363    -0.67069359    -0.50693487
# Eta                         1.03385016     1.01453889     1.05316142     1.03409188     1.03008011     1.03820196
# DeltaH_A1_(kcal_mol^-1)   -36.27735127   -39.39060593   -33.16409660   -36.29364005   -37.58603486   -35.11971703
# DeltaH_B1_(kcal_mol^-1)   -23.37462497   -27.41976368   -19.32948625   -23.39562909   -24.00020667   -22.37095390
# DeltaH_A2_(kcal_mol^-1)   -51.02323361   -57.07140879   -44.97505842   -51.07634762   -52.68389587   -49.48299761
# DeltaH_B2_(kcal_mol^-1)   -38.12050731   -41.36472080   -34.87629381   -38.11286529   -38.95333582   -37.25047099
# DeltaG_A1_(kcal_mol^-1)     0.50792601     0.18366038     0.83219164     0.50408206     0.30856895     0.69324641
# DeltaG_B1_(kcal_mol^-1)     0.97273894     0.24266345     1.70281442     0.97121052     0.68675603     1.21432669
# DeltaG_A2_(kcal_mol^-1)    -1.38178291    -1.94430148    -0.81926434    -1.38469667    -1.45117008    -1.27702006
# DeltaG_B2_(kcal_mol^-1)    -0.91696998    -1.25078861    -0.58315135    -0.91757423    -1.05261025    -0.77345567
# KD_A1_(uM)                  2.27985514     1.34714787     3.85832883     2.26568035     1.64980043     3.07958542
# KD_B1_(uM)                  4.84657700     1.48248893    15.84450862     4.83457306     3.04732549     7.17246769
# KD_A2_(uM)                  0.10625131     0.04265390     0.26467316     0.10575019     0.09493821     0.12593744
# KD_B2_(uM)                  0.22587188     0.13141312     0.38822690     0.22565055     0.18125250     0.28509443
# Alpha                      21.45719499     7.48265138    61.53049141    21.29408193    14.58651295    30.12665920
# KD_1_(uM)                   1.55049445     0.82895376     2.90008100     1.53604152     1.10230094     2.10811831
# KD_2_(uM)                   0.33212319     0.20757003     0.53141495     0.33249103     0.29163296     0.38898092
# Gamma                      18.67372683     8.30830887    41.97100507    18.40901311    12.84893906    25.89112182
# Stoichiometric_ratio Target_enthalpy_(kcal_mol^-1) Fit_enthalpy Confidence_lower Confidence_upper Bootstrap_enthalpy Bootstrap_lower Bootstrap_upper
    0.12870287   -24.94071454   -26.65477045   -29.67387657   -23.63566432   -26.60908946   -29.25712280   -24.09462216
    0.22850962   -29.22970595   -28.82405455   -31.60614362   -26.04196549   -28.81969381   -29.73576958   -27.89825014
    0.32902142   -30.23879876   -29.78738578   -32.47479235   -27.09997920   -29.78312467   -30.70722068   -28.85734320
    0.43024325   -30.91422705   -30.28397151   -32.92763833   -27.64030469   -30.28064202   -31.49089919   -29.07257571
    0.53218012   -31.23232313   -30.53029764   -33.15689383   -27.90370145   -30.53057895   -31.85828768   -29.20811949
    0.63483709   -31.33988302   -30.61404523   -33.23930572   -27.98878474   -30.60692361   -32.00836332   -29.23609763
    0.73821923   -31.25642417   -30.57618354   -33.20974377   -27.94262331   -30.60056635   -31.87889435   -29.31157850
    0.84233168   -31.03247601   -30.43653751   -33.08391987   -27.78915515   -30.43324142   -31.55085109   -29.29897039
    0.94717959   -30.66957345   -30.20367599   -32.86699989   -27.54035210   -30.21882998   -31.10435067   -29.30029322
    1.05276816   -30.38208810   -29.87929630   -32.55727262   -27.20131998   -29.88280109   -30.85096911   -28.91582501
    1.15910262   -29.98228559   -29.46037140   -32.14780412   -26.77293868   -29.46520294   -30.45798770   -28.49428686
    1.26618823   -29.41793895   -28.94032401   -31.62722495   -26.25342307   -28.93696363   -29.83474954   -28.01401809
    1.37403031   -28.51526227   -28.30981871   -30.98023398   -25.63940343   -28.31918176   -28.77897935   -27.87249849
    1.48263420   -27.68093512   -27.55752556   -30.18825828   -24.92679283   -27.56678497   -27.90768811   -27.24097688
    1.59200528   -26.69158270   -26.67113453   -29.23075039   -24.11151867   -26.67759927   -26.92791018   -26.44173206
    1.70214897   -25.89283805   -25.63887865   -28.08773686   -23.19002044   -25.64561340   -26.15247399   -25.13297396
    1.81307073   -24.29367072   -24.45178264   -26.74436308   -22.15920220   -24.45778103   -24.81826845   -24.09230586
    1.92477605   -23.05807609   -23.10671126   -25.19814642   -21.01527609   -23.10832922   -23.38057579   -22.83629400
    2.03727047   -22.04753426   -21.60996687   -23.46912669   -19.75080704   -21.59703518   -22.48200747   -20.71897335
    2.15055956   -20.76784839   -19.98066334   -21.61113173   -18.35019495   -19.97527918   -21.45123275   -18.47336333
    2.26464894   -18.85288036   -18.25255512   -19.71559360   -16.78951664   -18.24332043   -19.48709450   -16.97343182
    2.37954426   -17.51536578   -16.47285121   -17.88601235   -15.05969007   -16.45690767   -18.48102553   -14.49947668
    2.49525122   -16.22374900   -14.69726759   -16.18058627   -13.21394890   -14.68749887   -17.42088873   -11.86793066
    2.61177554   -14.53589400   -12.98215213   -14.59624262   -11.36806164   -12.97115911   -15.85366959   -10.02429131
    2.72912300   -13.00185142   -11.37608976   -13.11405252    -9.63812700   -11.35357713   -14.40632937    -8.41107855
    2.84729942   -11.96474395    -9.91377561   -11.72857978    -8.09897144    -9.88866846   -13.57873186    -6.23996286
    2.96631065   -10.59967227    -8.61377550   -10.44628808    -6.78126291    -8.58437986   -12.16628141    -5.03062010
    3.08616258    -9.58631565    -7.47996539    -9.27657572    -5.68335506    -7.50403553   -11.28887727    -3.74955976
