# Experiment 0 Ligand    49.40000000 uM Receptor     3.00000000 uM Volume  1420.60000000 uL
# Guess_cost     16402.22332048 (kcal_mol^-1)^2 Guess_chi_sq       683.42597169
# Fit_cost          35.09941263 (kcal_mol^-1)^2 Fit_chi_sq           1.46247553
# Bootstrap_cost    35.11126707 (kcal_mol^-1)^2 Bootstrap_chi_sq     1.46296946
# Parameter Fit_value Confidence_lower Confidence_upper Bootstrap_value Bootstrap_lower Bootstrap_upper
# Offset_1_(kcal_mol^-1)     -4.37151327    -7.97211719    -0.77090935    -4.36530995    -6.12565711    -1.01087851
# Eta                         1.29821546     1.20060840     1.39582251     1.29942718     1.26635908     1.36715013
# DeltaH_(kcal_mol^-1)      -27.24967496   -31.80773394   -22.69161599   -27.26358778   -32.82192384   -24.02742302
# DeltaG_(kcal_mol^-1)       -0.92008333    -1.27252157    -0.56764510    -0.92048964    -1.18982896    -0.56729300
# KD_(uM)                     0.22473378     0.12686000     0.39811818     0.22458568     0.14507534     0.39834569
# Stoichiometric_ratio Target_enthalpy_(kcal_mol^-1) Fit_enthalpy Confidence_lower Confidence_upper Bootstrap_enthalpy Bootstrap_lower Bootstrap_upper
    0.15137698   -25.92855267   -30.79276831   -36.51204909   -25.07348753   -30.80138429   -39.06929565   -22.80254080
    0.26875915   -29.60866344   -30.70186838   -36.41344913   -24.99028762   -30.71065194   -33.06165980   -28.47092483
    0.38695726   -30.51173982   -30.59635755   -36.29941725   -24.89329785   -30.60534427   -32.03736630   -29.40562239
    0.50597133   -31.08187219   -30.47356982   -36.16726996   -24.77986967   -30.48280461   -32.15884993   -28.89947103
    0.62580134   -31.25347881   -30.33017345   -36.01368430   -24.64666259   -30.33971336   -32.35090348   -28.31220980
    0.74644729   -31.19758200   -30.16197812   -35.83452085   -24.48943539   -30.17189599   -32.30590988   -27.98473696
    0.86790920   -31.10164732   -29.96368236   -35.62459313   -24.30277158   -29.97407161   -32.25032958   -27.67596804
    0.99018705   -30.95547418   -29.72854476   -35.37736720   -24.07972231   -29.73952567   -32.14018376   -27.33197413
    1.11328085   -30.72063466   -29.44796191   -35.08457136   -23.81135247   -29.45968964   -31.87470082   -26.93091614
    1.23719060   -30.06888869   -29.11094052   -34.73569282   -23.48618822   -29.12361493   -30.95713507   -27.20156185
    1.36191629   -29.28034576   -28.70346952   -34.31733923   -23.08959981   -28.71734654   -29.83332466   -27.46048524
    1.48745793   -28.50236433   -28.20784514   -33.81245685   -22.60323344   -28.22324799   -28.86941784   -27.45887539
    1.61381552   -27.48598425   -27.60210544   -33.19944773   -22.00476316   -27.61943153   -27.98569916   -27.14157516
    1.74098906   -26.37077424   -26.85993179   -32.45137287   -21.26849071   -26.87964644   -27.71844903   -25.91727257
    1.86897854   -25.47028334   -25.95170988   -31.53578527   -20.36763448   -25.97431072   -26.81231029   -25.00919171
    1.99778397   -24.39341499   -24.84786832   -30.41646529   -19.27927136   -24.87379682   -25.68769268   -23.93865768
    2.12740535   -22.96439326   -23.52582274   -29.05937190   -17.99227359   -23.55530113   -24.52644114   -22.45322463
    2.25784267   -21.61031689   -21.98104634   -27.44541466   -16.51667801   -22.01384873   -22.70216140   -21.20722384
    2.38909594   -20.21135181   -20.23991111   -25.58941718   -14.89040505   -20.27515096   -20.61469473   -19.90092930
    2.52116516   -18.21905167   -18.36739621   -23.55601855   -13.17877388   -18.40349255   -18.74678334   -18.00405031
    2.65405033   -16.50075995   -16.46084917   -21.45623071   -11.46546762   -16.49580528   -16.79256436   -16.15930761
    2.78775144   -14.94372574   -14.62758263   -19.41804245    -9.83712281   -14.65950583   -15.25284926   -14.05180008
    2.92226850   -13.44071992   -12.95666865   -17.54816894    -8.36516836   -12.98424635   -13.83753719   -12.10578965
    3.05760151   -11.92320159   -11.50060101   -15.90977405    -7.09142798   -11.52328391   -12.29853204   -10.73818900
    3.19375047   -10.48687995   -10.27388296   -14.52277320    -6.02499272   -10.29176792   -10.74946265    -9.81480543
    3.33071537    -9.38152841    -9.26347138   -13.37639577    -5.15054699    -9.27704838    -9.66697988    -8.87577247
    3.46849622    -8.03068588    -8.44195720   -12.44318027    -4.44073414    -8.45187468    -9.14098221    -7.72815392
    3.60709301    -7.25337928    -7.77773036   -11.68961611    -3.86584461    -7.78464205    -8.52454520    -6.95583295
