# Experiment 0 Ligand    42.00000000 uM Receptor     3.00000000 uM Volume  1420.60000000 uL
# Guess_cost     17526.82455029 (kcal_mol^-1)^2 Guess_chi_sq       730.28435626
# Fit_cost          46.27859935 (kcal_mol^-1)^2 Fit_chi_sq           1.92827497
# Bootstrap_cost    46.28648420 (kcal_mol^-1)^2 Bootstrap_chi_sq     1.92860351
# Parameter Fit_value Confidence_lower Confidence_upper Bootstrap_value Bootstrap_lower Bootstrap_upper
# Offset_1_(kcal_mol^-1)     -7.06752446   -11.44399110    -2.69105782    -7.04716791    -8.99397763    -2.78275047
# Eta                         1.13900794     1.03208929     1.24592659     1.14060802     1.10371680     1.22194569
# DeltaH_(kcal_mol^-1)      -24.14746802   -29.50855747   -18.78637857   -24.14822787   -30.74338908   -20.83345651
# DeltaG_(kcal_mol^-1)       -1.10813999    -1.56383211    -0.65244786    -1.10986717    -1.42546687    -0.68145588
# KD_(uM)                     0.16563621     0.07907776     0.34694148     0.16517269     0.09898118     0.33099077
# Stoichiometric_ratio Target_enthalpy_(kcal_mol^-1) Fit_enthalpy Confidence_lower Confidence_upper Bootstrap_enthalpy Bootstrap_lower Bootstrap_upper
    0.12870107   -24.94071454   -30.59636468   -37.42587532   -23.76685404   -30.57933204   -40.55121173   -20.93144684
    0.22849968   -29.22970595   -30.52956242   -37.35088485   -23.70823999   -30.51287302   -33.28637730   -27.86933189
    0.32899201   -30.23879876   -30.45201630   -37.26415475   -23.63987786   -30.43573119   -32.05253705   -29.15262428
    0.43017805   -30.91422705   -30.36182219   -37.16371373   -23.55993064   -30.34601647   -32.10343325   -28.76139234
    0.53205782   -31.23232313   -30.25659839   -37.04712247   -23.46607431   -30.24136508   -32.42718424   -28.20216174
    0.63463130   -31.33988302   -30.13334374   -36.91134286   -23.35534462   -30.11879885   -32.58773054   -27.64353310
    0.73789851   -31.25642417   -29.98824867   -36.75256661   -23.22393073   -29.97453785   -32.60450507   -27.43426138
    0.84185944   -31.03247601   -29.81644353   -36.56598973   -23.06689734   -29.80375073   -32.23057152   -27.33744389
    0.94651408   -30.66957345   -29.61166443   -36.34551527   -22.87781359   -29.60022313   -31.74664123   -27.47612058
    1.05186245   -30.38208810   -29.36581408   -36.08336186   -22.64826630   -29.35592148   -31.38023541   -27.36247704
    1.15790454   -29.98228559   -29.06839706   -35.76954972   -22.36724440   -29.06043136   -30.81533059   -27.25384228
    1.26464035   -29.41793895   -28.70582401   -35.39123212   -22.02041591   -28.70026381   -30.08737954   -27.21909318
    1.37206988   -28.51526227   -28.26062594   -34.93184430   -21.58940757   -28.25806827   -28.85444201   -27.54486750
    1.48019313   -27.68093512   -27.71073220   -34.37007699   -21.05138740   -27.71190057   -28.06392580   -27.25262671
    1.58901009   -26.69158270   -27.02920146   -33.67881123   -20.37959170   -27.03492543   -27.71050271   -26.26804498
    1.69852078   -25.89283805   -26.18521501   -32.82453689   -19.54589312   -26.19634864   -26.78316562   -25.47569994
    1.80872519   -24.29367072   -25.14771573   -31.76869620   -18.52673525   -25.16494891   -26.60353859   -23.61288915
    1.91962332   -23.05807609   -23.89340843   -30.47392485   -17.31289200   -23.91693623   -25.33022912   -22.34461016
    2.03121517   -22.04753426   -22.41978556   -28.91892477   -15.92064634   -22.44888019   -23.19699236   -21.62414039
    2.14350075   -20.76784839   -20.75986939   -27.12139967   -14.39833911   -20.79256586   -21.21281971   -20.32987228
    2.25648004   -18.85288036   -18.98929535   -25.15619391   -12.82239680   -19.02253073   -19.46664304   -18.53742065
    2.37015305   -17.51536578   -17.21504691   -23.14727525   -11.28281858   -17.24541149   -17.87880727   -16.61454382
    2.48451978   -16.22374900   -15.54620253   -21.22928709    -9.86311797   -15.57095340   -16.69975194   -14.44454104
    2.59958023   -14.53589400   -14.06313957   -19.50515874    -8.62112041   -14.08084450   -14.98092844   -13.20314098
    2.71533440   -13.00185142   -12.80328058   -18.02737398    -7.57918719   -12.81380161   -13.32903198   -12.32358716
    2.83178230   -11.96474395   -11.76635948   -16.80380734    -6.72891162   -11.77040978   -12.28424264   -11.25463603
    2.94892391   -10.59967227   -10.92917445   -15.81376088    -6.04458802   -10.92782788   -11.63115853   -10.20045673
    3.06675924    -9.58631565   -10.25950666   -15.02326245    -5.49575087   -10.25386350   -11.10636860    -9.33302061
