# Experiment 0 Ligand    42.00000000 uM Receptor     3.00000000 uM Volume  1420.60000000 uL
# Experiment 1 Ligand    49.40000000 uM Receptor     3.00000000 uM Volume  1420.60000000 uL
# Guess_cost        95.88409882 (kcal_mol^-1)^2 Guess_chi_sq         2.04008721
# Fit_cost          36.42841566 (kcal_mol^-1)^2 Fit_chi_sq           0.77507267
# Bootstrap_cost    36.44491827 (kcal_mol^-1)^2 Bootstrap_chi_sq     0.77542379
# Parameter Fit_value Confidence_lower Confidence_upper Bootstrap_value Bootstrap_lower Bootstrap_upper
# Offset_1_(kcal_mol^-1)     -0.08704459    -0.35247924     0.17839007    -0.08707144    -0.13980445    -0.03488370
# Offset_2_(kcal_mol^-1)     -0.63109613    -0.89427931    -0.36791296    -0.63128557    -0.68045304    -0.58004163
# Eta                         1.03809745     1.02418579     1.05200910     1.03812744     1.03588945     1.04033262
# DeltaH_A1_(kcal_mol^-1)   -39.97459736   -42.23744534   -37.71174938   -39.97754598   -40.35485260   -39.60343222
# DeltaH_B1_(kcal_mol^-1)   -26.04208220   -29.03226684   -23.05189756   -26.04272633   -26.28525560   -25.75751216
# DeltaH_A2_(kcal_mol^-1)   -55.12679880   -59.56257065   -50.69102694   -55.13991972   -55.54343495   -54.73295505
# DeltaH_B2_(kcal_mol^-1)   -41.19428364   -43.56375337   -38.82481390   -41.19639983   -41.50015509   -40.91288820
# DeltaG_A1_(kcal_mol^-1)     0.80838371     0.62410141     0.99266602     0.80809998     0.75102925     0.85686468
# DeltaG_B1_(kcal_mol^-1)     1.37668128     0.87373463     1.87962793     1.37601473     1.33041538     1.41676772
# DeltaG_A2_(kcal_mol^-1)    -1.34363716    -1.76389479    -0.92337953    -1.34325158    -1.37524351    -1.30678185
# DeltaG_B2_(kcal_mol^-1)    -0.77533959    -0.98120093    -0.56947825    -0.77527527    -0.81698582    -0.72785598
# KD_A1_(uM)                  3.71212950     2.75276800     5.00583610     3.71042099     3.38227263     4.01591918
# KD_B1_(uM)                  9.33406580     4.12735932    21.10908639     9.32397669     8.65904207     9.96133498
# KD_A2_(uM)                  0.11303515     0.05715856     0.22353510     0.11310588     0.10738466     0.12000059
# KD_B2_(uM)                  0.28422432     0.20351770     0.39693582     0.28425399     0.26565345     0.30698723
# Alpha                      32.84048918    15.59761047    69.14506111    32.78489653    29.67326537    35.79186543
# KD_1_(uM)                   2.65589011     1.83656316     3.84073491     2.65466589     2.46668192     2.82062530
# KD_2_(uM)                   0.39725947     0.29200589     0.54045172     0.39756364     0.37946280     0.41960211
# Gamma                      26.74212006    16.04927369    44.55908717    26.70010671    23.58561969    29.56183510
# Stoichiometric_ratio Target_enthalpy_(kcal_mol^-1) Fit_enthalpy Confidence_lower Confidence_upper Bootstrap_enthalpy Bootstrap_lower Bootstrap_upper
    0.12870287   -24.94071454   -25.53268721   -27.90361115   -23.16176326   -25.53274596   -26.53294375   -24.55457476
    0.22850962   -29.22970595   -28.39168702   -30.59659708   -26.18677697   -28.38829269   -29.96236169   -26.87673904
    0.32902142   -30.23879876   -29.66371690   -31.77752856   -27.54990525   -29.66248203   -30.74585486   -28.56947759
    0.43024325   -30.91422705   -30.31943680   -32.37906830   -28.25980530   -30.31410675   -31.44798337   -29.20398617
    0.53218012   -31.23232313   -30.64821113   -32.67450079   -28.62192147   -30.65036415   -31.74928745   -29.54332261
    0.63483709   -31.33988302   -30.76918494   -32.77433963   -28.76403024   -30.77909309   -31.85725635   -29.71421276
    0.73821923   -31.25642417   -30.73977721   -32.73080056   -28.74875387   -30.73408963   -31.72462299   -29.75721979
    0.84233168   -31.03247601   -30.58983449   -32.57015170   -28.60951728   -30.59442844   -31.45158266   -29.74170143
    0.94717959   -30.66957345   -30.33500987   -32.30520539   -28.36481435   -30.33250380   -30.97524708   -29.69241594
    1.05276816   -30.38208810   -29.98282903   -31.94090493   -28.02475313   -29.98673499   -30.76572182   -29.21940479
    1.15910262   -29.98228559   -29.53577439   -31.47712961   -27.59441916   -29.54591091   -30.38828094   -28.69334498
    1.26618823   -29.41793895   -28.99304242   -30.91029150   -27.07579333   -28.98815357   -29.80268935   -28.17474789
    1.37403031   -28.51526227   -28.35170192   -30.23443153   -26.46897232   -28.35320463   -28.69900091   -28.01393552
    1.48263420   -27.68093512   -27.60761908   -29.44219836   -25.77303979   -27.60697763   -27.79824255   -27.41196416
    1.59200528   -26.69158270   -26.75635823   -28.52596665   -24.98674982   -26.75610336   -26.93270155   -26.57803070
    1.70214897   -25.89283805   -25.79418581   -27.47929481   -24.10907680   -25.79523909   -26.01709988   -25.56652003
    1.81307073   -24.29367072   -24.71924197   -26.29887720   -23.13960675   -24.72703264   -25.52537773   -23.91810311
    1.92477605   -23.05807609   -23.53287106   -24.98706906   -22.07867306   -23.53740955   -24.42048133   -22.63578986
    2.03727047   -22.04753426   -22.24100256   -23.55491359   -20.92709154   -22.23710895   -22.62190771   -21.85178148
    2.15055956   -20.76784839   -20.85535561   -22.02528507   -19.68542614   -20.85360802   -21.05666361   -20.65380821
    2.26464894   -18.85288036   -19.39413466   -20.43494820   -18.35332112   -19.38772984   -20.42478196   -18.36911445
    2.37954426   -17.51536578   -17.88185586   -18.83232576   -16.93138595   -17.87799148   -18.57116490   -17.18639325
    2.49525122   -16.22374900   -16.34805825   -17.26608919   -15.43002731   -16.34751266   -16.60643822   -16.08370572
    2.61177554   -14.53589400   -14.82492994   -15.76797564   -13.88188424   -14.82105410   -15.36925628   -14.27831580
    2.72912300   -13.00185142   -13.34423679   -14.34827221   -12.34020138   -13.34482331   -13.98610316   -12.69708922
    2.84729942   -11.96474395   -11.93421602   -13.00786977   -10.86056226   -11.93414482   -12.07374118   -11.78964863
    2.96631065   -10.59967227   -10.61713385   -11.74854406    -9.48572365   -10.61764224   -10.74577504   -10.48426424
    3.08616258    -9.58631565    -9.40797504   -10.57454983    -8.24140024    -9.40957394    -9.75311547    -9.05924599
    0.15137909   -25.92855267   -26.62316358   -28.96108493   -24.28524223   -26.63127522   -27.68457941   -25.60340413
    0.26877084   -29.60866344   -29.45936520   -31.62736914   -27.29136127   -29.46899535   -30.99724887   -27.91109422
    0.38699187   -30.51173982   -30.63121207   -32.71082680   -28.55159734   -30.62169528   -31.73992710   -29.54565891
    0.50604802   -31.08187219   -31.17815338   -33.20836563   -29.14794112   -31.17796914   -32.29785879   -30.05043926
    0.62594519   -31.25347881   -31.39191559   -33.39327581   -29.39055538   -31.40120329   -32.49143580   -30.31138794
    0.74668934   -31.19758200   -31.38763295   -33.37106348   -29.40420242   -31.39275517   -32.50054305   -30.29641633
    0.86828643   -31.10164732   -31.21778274   -33.18824367   -29.24732181   -31.20531410   -32.17331563   -30.24224529
    0.99074250   -30.95547418   -30.90697764   -32.86494675   -28.94900853   -30.89828283   -31.73547781   -30.04520180
    1.11406362   -30.72063466   -30.46536486   -32.40726933   -28.52346038   -30.47570357   -31.12483539   -29.81292608
    1.23825588   -30.06888869   -29.89471286   -31.81280649   -27.97661924   -29.89841220   -30.65076460   -29.13822821
    1.36332546   -29.28034576   -29.19167133   -31.07363987   -27.30970278   -29.18976756   -30.03409170   -28.34475000
    1.48927854   -28.50236433   -28.34995384   -30.17851211   -26.52139558   -28.34112210   -29.14470890   -27.53729438
    1.61612137   -27.48598425   -27.36226710   -29.11511068   -25.60942352   -27.36200226   -27.69183068   -27.02482155
    1.74386023   -26.37077424   -26.22243528   -27.87310521   -24.57176534   -26.22493922   -26.41132358   -26.03139022
    1.87250145   -25.47028334   -24.92794036   -26.44842195   -23.40745877   -24.92803538   -25.10277541   -24.75361648
    2.00205141   -24.39341499   -23.48284714   -24.84897805   -22.11671623   -23.48305135   -23.70973290   -23.25921548
    2.13251652   -22.96439326   -21.90073439   -23.10149340   -20.69997538   -21.90119050   -22.70502229   -21.09711093
    2.26390326   -21.61031689   -20.20685188   -21.25734178   -19.15636198   -20.19862973   -21.08411619   -19.28811914
    2.39621812   -20.21135181   -18.43846116   -19.39059481   -17.48632752   -18.43714038   -18.82068259   -18.05034097
    2.52946768   -18.21905167   -16.64249693   -17.57593248   -15.70906137   -16.64096368   -16.84309689   -16.43219860
    2.66365852   -16.50075995   -14.87048720   -15.85569695   -13.88527745   -14.87071299   -15.89029492   -13.87211329
    2.79879730   -14.94372574   -13.17184275   -14.23955882   -12.10412668   -13.16997762   -13.84061426   -12.47719937
    2.93489072   -13.44071992   -11.58747795   -12.73008089   -10.44487502   -11.58947101   -11.84888311   -11.32046618
    3.07194551   -11.92320159   -10.14562829   -11.33400522    -8.95725136   -10.14789430   -10.67189818    -9.60090845
    3.20996848   -10.48687995    -8.86071876   -10.05957527    -7.66186224    -8.86179445    -9.49481051    -8.21258448
    3.34896646    -9.38152841    -7.73490091    -8.91219024    -6.55761158    -7.73478945    -7.86388530    -7.60761903
    3.48894633    -8.03068588    -6.76112552    -7.89233258    -5.62991846    -6.76243068    -6.87322051    -6.64919434
    3.62991504    -7.25337928    -5.92656188    -6.99557109    -4.85755266    -5.92496040    -6.26985621    -5.58896088
