# Experiment 0 Ligand    49.40000000 uM Receptor     3.00000000 uM Volume  1420.60000000 uL
# Guess_cost        35.00365738 (kcal_mol^-1)^2 Guess_chi_sq         1.75018287
# Fit_cost          26.82180072 (kcal_mol^-1)^2 Fit_chi_sq           1.34109004
# Bootstrap_cost    27.77655928 (kcal_mol^-1)^2 Bootstrap_chi_sq     1.38882796
# Parameter Fit_value Confidence_lower Confidence_upper Bootstrap_value Bootstrap_lower Bootstrap_upper
# Offset_1_(kcal_mol^-1)     -0.68333001    -1.06778160    -0.29887842    -0.68516979    -0.75879206    -0.61924275
# Eta                         1.03910983     1.02019643     1.05802323     1.03931551     1.03514177     1.04556583
# DeltaH_A1_(kcal_mol^-1)   -39.76505525   -42.90583621   -36.62427430   -39.68511891   -40.44991816   -38.77325170
# DeltaH_B1_(kcal_mol^-1)   -26.75546444   -30.70228216   -22.80864672   -26.70887807   -26.97002990   -26.35784077
# DeltaH_A2_(kcal_mol^-1)   -54.21625244   -60.19035883   -48.24214605   -54.20516064   -55.50919413   -52.90204490
# DeltaH_B2_(kcal_mol^-1)   -41.20666162   -44.40792264   -38.00540061   -41.21360774   -41.99845837   -40.58786843
# DeltaG_A1_(kcal_mol^-1)     0.85454712     0.56417583     1.14491842     0.84634942     0.74694449     0.88154000
# DeltaG_B1_(kcal_mol^-1)     1.39451483     0.68597639     2.10305327     1.38674618     1.22864220     1.49103298
# DeltaG_A2_(kcal_mol^-1)    -1.31847382    -1.87973367    -0.75721398    -1.31454480    -1.35937334    -1.25849407
# DeltaG_B2_(kcal_mol^-1)    -0.77850611    -1.09897238    -0.45803985    -0.77157479    -0.86590447    -0.66845642
# KD_A1_(uM)                  4.00084669     2.49771788     6.40855974     3.94798456     3.35993063     4.17996160
# KD_B1_(uM)                  9.60809243     3.04347314    30.33226709     9.48774569     7.34101210    11.23694242
# KD_A2_(uM)                  0.11774560     0.04736484     0.29270716     0.11849861     0.11018566     0.12978040
# KD_B2_(uM)                  0.28276781     0.16811838     0.47560318     0.28596579     0.24538341     0.33804606
# Alpha                      33.97873485    12.18780120    94.73032942    33.41987375    26.21425655    36.88154830
# KD_1_(uM)                   2.82465109     1.60858697     4.96003883     2.81880109     2.31823532     2.90375081
# KD_2_(uM)                   0.40051341     0.25427036     0.63086784     0.40539439     0.36024461     0.45865040
# Gamma                      28.21030200    13.39666193    59.40443542    27.34181660    22.23474080    31.14033827
# Stoichiometric_ratio Target_enthalpy_(kcal_mol^-1) Fit_enthalpy Confidence_lower Confidence_upper Bootstrap_enthalpy Bootstrap_lower Bootstrap_upper
    0.15137909   -25.92855267   -26.24351902   -29.87701024   -22.61002781   -26.31881724   -26.91237266   -25.74861339
    0.26877084   -29.60866344   -29.14833702   -32.46627929   -25.83039476   -29.18153785   -30.02431585   -28.33339579
    0.38699187   -30.51173982   -30.35109739   -33.50630062   -27.19589416   -30.36719946   -30.72720311   -30.02588031
    0.50604802   -31.08187219   -30.91547662   -33.97912387   -27.85182938   -30.92901029   -31.28707225   -30.56251819
    0.62594519   -31.25347881   -31.14042157   -34.14973721   -28.13110593   -31.15225804   -31.45404205   -30.86103569
    0.74668934   -31.19758200   -31.14420533   -34.11912823   -28.16928242   -31.15287508   -31.39549680   -30.92760346
    0.86828643   -31.10164732   -30.98105253   -33.93101993   -28.03108513   -30.99048698   -31.31138771   -30.67849196
    0.99074250   -30.95547418   -30.67677792   -33.60350992   -27.75004591   -30.68162891   -31.24307627   -30.13595552
    1.11406362   -30.72063466   -30.24252382   -33.14094980   -27.34409785   -30.25995333   -31.17311078   -29.35953312
    1.23825588   -30.06888869   -29.68100438   -32.53923393   -26.82277483   -29.69295107   -30.43740259   -28.92307798
    1.36332546   -29.28034576   -28.98983936   -31.78867317   -26.19100554   -28.99736580   -29.59824914   -28.41051384
    1.48927854   -28.50236433   -28.16375449   -30.87616252   -25.45134646   -28.17003654   -28.84928650   -27.49138188
    1.61612137   -27.48598425   -27.19647099   -29.78759035   -24.60535163   -27.19672408   -27.79614604   -26.59537384
    1.74386023   -26.37077424   -26.08272040   -28.51119702   -23.65424378   -26.08627399   -26.69746186   -25.46309475
    1.87250145   -25.47028334   -24.82059408   -27.04248192   -22.59870624   -24.81296251   -26.06581355   -23.55088276
    2.00205141   -24.39341499   -23.41420448   -25.39109261   -21.43731636   -23.39073759   -25.19070821   -21.51050283
    2.13251652   -22.96439326   -21.87633201   -23.58970561   -20.16295842   -21.84620906   -23.90512479   -19.78847096
    2.26390326   -21.61031689   -20.23038749   -21.70320422   -18.75757076   -20.23156054   -22.76662936   -17.63187529
    2.39621812   -20.21135181   -18.51079387   -19.82856781   -17.19301992   -18.48967619   -21.62380357   -15.18059354
    2.52946768   -18.21905167   -16.76102772   -18.06034014   -15.46171529   -16.69215047   -19.45917078   -13.95358658
    2.66365852   -16.50075995   -15.02921571   -16.43161721   -13.62681422   -14.95394694   -17.76845208   -12.26862012
    2.79879730   -14.94372574   -13.36217176   -14.91951844   -11.80482508   -13.32488381   -16.27087764   -10.35973309
    2.93489072   -13.44071992   -11.79953400   -13.49920842   -10.09985958   -11.76787062   -14.82307398    -8.85237166
    3.07194551   -11.92320159   -10.36967391   -12.16403651    -8.57531132   -10.35460828   -13.20820795    -7.56773011
    3.20996848   -10.48687995    -9.08826130   -10.91931503    -7.25720757    -9.07209385   -11.67929213    -6.47944152
    3.34896646    -9.38152841    -7.95930065    -9.77358263    -6.14501868    -7.95232199   -10.55870669    -5.30638368
    3.48894633    -8.03068588    -6.97772391    -8.73328009    -5.22216773    -6.96890712    -8.96057155    -4.96807840
    3.62991504    -7.25337928    -6.13247924    -7.80057694    -4.46438155    -6.13037797    -8.23191703    -3.98727665
