# Experiment 0 Ligand    34.40000000 uM Receptor     2.87000000 uM Volume  1420.60000000 uL
# Guess_cost         8.84344859 (kcal_mol^-1)^2 Guess_chi_sq         0.44217243
# Fit_cost           0.94419487 (kcal_mol^-1)^2 Fit_chi_sq           0.04720974
# Bootstrap_cost     0.84038593 (kcal_mol^-1)^2 Bootstrap_chi_sq     0.04201930
# Parameter Fit_value Confidence_lower Confidence_upper Bootstrap_value Bootstrap_lower Bootstrap_upper
# Offset_1_(kcal_mol^-1)     -2.27603415    -3.51951695    -1.03255136    -2.36086861    -3.06734560    -1.72164384
# Eta                         0.89726662     0.87315810     0.92137514     0.89805197     0.88869448     1.07283526
# DeltaH_A1_(kcal_mol^-1)   -37.17979704   -40.36303509   -33.99655899   -36.77200799   -38.13886937   -29.75569020
# DeltaH_B1_(kcal_mol^-1)   -31.53540455   -36.91979458   -26.15101452   -31.52719070   -31.57045803   -29.52041129
# DeltaH_A2_(kcal_mol^-1)   -39.96819988   -47.50666994   -32.42972981   -39.31643523   -41.73353831   -29.61041714
# DeltaH_B2_(kcal_mol^-1)   -34.32380738   -38.53140414   -30.11621063   -33.97515743   -35.51571632   -29.33118894
# DeltaG_A1_(kcal_mol^-1)     0.19069757    -0.15615777     0.53755290     0.18160249    -3.89396831     0.22975685
# DeltaG_B1_(kcal_mol^-1)     1.90504193    -3.02367642     6.83376028     1.80135802    -2.44291795     2.11850519
# DeltaG_A2_(kcal_mol^-1)    -2.85468187    -7.76058616     2.05122243    -2.76089815    -3.06534712    -2.12526619
# DeltaG_B2_(kcal_mol^-1)    -1.14033750    -1.46291916    -0.81775585    -1.12607122    -1.23038985    -0.77750131
# KD_A1_(uM)                  1.36261758     0.77618330     2.39212398     1.34265733     0.00180359     1.45176693
# KD_B1_(uM)                 21.99769986     0.00740258 65368.93741966    18.59160924     0.01899378    31.10233381
# KD_A2_(uM)                  0.00973787     0.00000340    27.88576451     0.01133831     0.00691863     0.03180116
# KD_B2_(uM)                  0.15720541     0.09314555     0.26532176     0.16088670     0.13583528     0.28322918
# Alpha                     139.92966488     0.04790294 408749.71596732   118.66547097     0.07917185   205.91012622
# KD_1_(uM)                   1.28313550     0.61821793     2.66319794     1.25395927     0.00160538     1.37765165
# KD_2_(uM)                   0.16694328     0.08482050     0.32857693     0.17186881     0.14514391     0.31308689
# Gamma                      30.74422615     9.44557432   100.06881634    29.39089552     0.02447097    37.17258474
# Stoichiometric_ratio Target_enthalpy_(kcal_mol^-1) Fit_enthalpy Confidence_lower Confidence_upper Bootstrap_enthalpy Bootstrap_lower Bootstrap_upper
    0.11018862   -30.98736768   -30.99873523   -34.52053012   -27.47694035   -31.00945838   -32.77769222   -30.95915977
    0.19563790   -32.40847038   -32.41793537   -35.61116082   -29.22470993   -32.43279183   -32.76935682   -32.37136885
    0.28169082   -32.90996351   -32.92579313   -36.01784514   -29.83374113   -32.90622042   -33.00459594   -32.64918340
    0.36835162   -33.08207513   -33.12442325   -36.17381407   -30.07503243   -33.09551855   -33.23730498   -32.62388784
    0.45562460   -32.97661633   -33.16372438   -36.19485988   -30.13258888   -33.07418907   -33.46520356   -32.48504435
    0.54351408   -33.17830724   -33.09922561   -36.12468680   -30.07376442   -33.05916817   -33.26422271   -32.55751864
    0.63202443   -33.20504767   -32.95456861   -35.98169043   -29.92744680   -32.87621488   -33.35499381   -32.35717225
    0.72116003   -33.00232994   -32.73935125   -35.77264707   -29.70605542   -32.69784472   -33.17928737   -32.21527415
    0.81092529   -32.65932927   -32.45557848   -35.49766278   -29.41349419   -32.46742844   -32.83474241   -32.09442435
    0.90132466   -32.14092560   -32.10029032   -35.15209049   -29.04849015   -32.14191140   -32.38363825   -31.99336089
    0.99236262   -31.78824513   -31.66665567   -34.72716513   -28.60614622   -31.73478626   -32.07373314   -31.45039809
    1.08404368   -31.08182094   -31.14438020   -34.21001185   -28.07874855   -31.18366487   -31.37018995   -31.01497761
    1.17637239   -30.26190798   -30.51982291   -33.58335510   -27.45629071   -30.47744445   -30.95972309   -30.02478752
    1.26935332   -29.65111741   -29.77609005   -32.82521787   -26.72696223   -29.72269109   -30.01192163   -29.27643789
    1.36299108   -28.71841052   -28.89339468   -31.90905088   -25.87773848   -28.81960816   -29.19888363   -28.35954737
    1.45729031   -27.66278496   -27.85007858   -30.80507585   -24.89508131   -27.79396374   -28.17224038   -27.39184124
    1.55225568   -26.24546809   -26.62484309   -29.48415443   -23.76553174   -26.60010868   -27.22607699   -25.97279489
    1.64789189   -25.37730975   -25.20081333   -27.92597074   -22.47565592   -25.21138393   -25.55815977   -24.87182412
    1.74420369   -23.86370528   -23.57181436   -26.13281310   -21.01081563   -23.60912077   -24.12140391   -23.09810885
    1.84119584   -21.63644611   -21.75029058   -24.14638964   -19.35419152   -21.78976297   -22.13345021   -21.49840306
    1.93887316   -20.02086120   -19.77447645   -22.05487818   -17.49407472   -19.81798544   -20.25756866   -19.36744243
    2.03724048   -18.02624729   -17.71051223   -19.96849145   -15.45253301   -17.73037070   -18.26064507   -17.22922367
    2.13630268   -15.42297014   -15.64536732   -17.96927192   -13.32146272   -15.64432606   -16.02229580   -15.26171799
    2.23606467   -13.64031786   -13.67056154   -16.09129452   -11.24982856   -13.65001879   -13.80762099   -13.49692237
    2.33653139   -11.83407754   -11.86286663   -14.34743330    -9.37829995   -11.83559797   -11.97826226   -11.69216191
    2.43770781   -10.01433079   -10.27079586   -12.75297538    -7.78861634   -10.25050578   -10.67807765    -9.81968083
    2.53959896    -8.99589440    -8.91175510   -11.32565255    -6.49785765    -8.89986133    -9.06270352    -8.74136852
    2.64220988    -7.81529487    -7.77811573   -10.07703342    -5.47919803    -7.78285587    -7.93814637    -7.63382741
