# Experiment 0 Ligand    45.00000000 uM Receptor     3.00000000 uM Volume  1420.60000000 uL
# Experiment 1 Ligand    34.40000000 uM Receptor     2.87000000 uM Volume  1420.60000000 uL
# Guess_cost     34900.14237414 (kcal_mol^-1)^2 Guess_chi_sq       684.31651714
# Fit_cost          15.50675207 (kcal_mol^-1)^2 Fit_chi_sq           0.30405396
# Bootstrap_cost    15.50690564 (kcal_mol^-1)^2 Bootstrap_chi_sq     0.30405697
# Parameter Fit_value Confidence_lower Confidence_upper Bootstrap_value Bootstrap_lower Bootstrap_upper
# Offset_1_(kcal_mol^-1)     -2.16793703    -2.90408465    -1.43178940    -2.16837302    -2.60706223    -1.68050981
# Offset_2_(kcal_mol^-1)     -3.44024739    -4.23599171    -2.64450306    -3.44138552    -3.97533899    -2.84991893
# Eta                         1.00081631     0.98631959     1.01531304     1.00083599     0.99305870     1.00889799
# DeltaH_(kcal_mol^-1)      -30.68059033   -31.68374404   -29.67743662   -30.67985017   -31.63293424   -29.82831554
# DeltaG_(kcal_mol^-1)       -1.18462107    -1.27135491    -1.09788724    -1.18496528    -1.25636540    -1.11057875
# KD_(uM)                     0.14630639     0.12710036     0.16841463     0.14622471     0.13022941     0.16498210
# Stoichiometric_ratio Target_enthalpy_(kcal_mol^-1) Fit_enthalpy Confidence_lower Confidence_upper Bootstrap_enthalpy Bootstrap_lower Bootstrap_upper
    0.13789401   -30.24716619   -32.04639292   -33.27458698   -30.81819885   -32.04655956   -35.26800772   -28.80712011
    0.24482109   -31.69472036   -31.94167048   -33.16842952   -30.71491144   -31.94189615   -32.53766287   -31.34865403
    0.35249143   -32.08574311   -31.81666385   -33.04187379   -30.59145392   -31.81695870   -32.44238740   -31.19318132
    0.46090505   -31.96630528   -31.66667070   -32.89025204   -30.44308936   -31.66704708   -32.33262324   -31.02240480
    0.57006195   -31.96974563   -31.48549848   -32.70743517   -30.26356180   -31.48597150   -32.43357993   -30.54243446
    0.67996211   -31.63317023   -31.26490469   -32.48528925   -30.04452013   -31.26549284   -32.01280696   -30.52580304
    0.79060555   -31.66762716   -30.99380611   -32.21290798   -29.77470425   -30.99453199   -32.25046036   -29.71323338
    0.90199225   -30.97110286   -30.65716734   -31.87553020   -29.43880448   -30.65805830   -31.29616387   -30.01897567
    1.01412223   -30.94820343   -30.23446548   -31.45303108   -29.01589988   -30.23555391   -31.58849030   -28.87870744
    1.12699548   -30.00295052   -29.69765642   -30.91788201   -28.47743084   -29.69897902   -30.31717788   -29.10120599
    1.24061201   -29.07166748   -29.00872663   -30.23258384   -27.78486943   -29.01032127   -29.24668773   -28.76962930
    1.35497180   -27.99096450   -28.11740839   -29.34698386   -26.88783292   -28.11930604   -28.42222085   -27.81508722
    1.47007487   -26.94868064   -26.96085078   -28.19702660   -25.72467496   -26.96305862   -27.16560872   -26.75401065
    1.58592121   -25.06970628   -25.46937994   -26.70904369   -24.22971620   -25.47185259   -26.22021745   -24.72605782
    1.70251082   -23.42493568   -23.58524978   -24.81755841   -22.35294115   -23.58785323   -23.95588407   -23.21547050
    1.81984370   -20.86377531   -21.29967098   -22.50484440   -20.09449755   -21.30216509   -22.08776189   -20.50948550
    1.93791985   -18.39773955   -18.69754101   -19.85337817   -17.54170385   -18.69962600   -19.27260848   -18.12776657
    2.05673928   -15.51892931   -15.97096437   -17.06482513   -14.87710361   -15.97240360   -16.78243731   -15.16005606
    2.17630197   -13.13983805   -13.36366329   -14.39653898   -12.33078760   -13.36439858   -13.82351177   -12.91406786
    2.29660794   -11.46049493   -11.07325945   -12.05195829   -10.09456061   -11.07341210   -11.76721466   -10.36466682
    2.41765718    -9.33235571    -9.19041509   -10.12104980    -8.25978039    -9.19018773    -9.52485653    -8.86913748
    2.53944969    -7.89065688    -7.70854020    -8.59675177    -6.82032862    -7.70812067    -8.07658642    -7.33985291
    2.66198548    -6.90946063    -6.56880041    -7.42109916    -5.71650165    -6.56832094    -7.19579740    -5.93704879
    2.78526453    -5.65663926    -5.69906332    -6.52251268    -4.87561396    -5.69860167    -5.87711613    -5.52558545
    2.90928686    -5.23107762    -5.03405027    -5.83529672    -4.23280383    -5.03364549    -5.40672490    -4.65105000
    3.03405246    -4.34415409    -4.52163415    -5.30626896    -3.73699935    -4.52130189    -4.87482170    -4.15824321
    3.15956133    -4.14671970    -4.12255083    -4.89494721    -3.35015444    -4.12229398    -4.36206541    -3.87204705
    3.28581347    -3.42011803    -3.80798305    -4.57141589    -3.04455022    -3.80779820    -4.43651540    -3.19337972
    0.11018708   -30.98736768   -33.29754341   -34.56207606   -32.03301075   -33.29842419   -36.57424776   -30.02450963
    0.19562939   -32.40847038   -33.21108750   -34.47448033   -31.94769466   -33.21201674   -33.80144453   -32.63669224
    0.28166563   -32.90996351   -33.11115437   -34.37332591   -31.84898283   -33.11213854   -33.72086690   -32.51514626
    0.36829579   -33.08207513   -32.99544471   -34.25633026   -31.73455917   -32.99649137   -33.64081742   -32.35052812
    0.45551988   -32.97661633   -32.86110544   -34.12066744   -31.60154343   -32.86222341   -33.76881091   -31.88996506
    0.54333790   -33.17830724   -32.70457247   -33.96281531   -31.44632963   -32.70577213   -33.45294660   -31.97008470
    0.63174984   -33.20504767   -32.52136429   -33.77835504   -31.26437354   -32.52265780   -33.79784959   -31.23996377
    0.72075571   -33.00232994   -32.30581066   -33.56170746   -31.04991387   -32.30721226   -32.94558580   -31.65305617
    0.81035551   -32.65932927   -32.05069807   -33.30578729   -30.79560885   -32.05222431   -33.39698360   -30.68528144
    0.90054924   -32.14092560   -31.74681112   -33.00155280   -30.49206945   -31.74848105   -32.37403250   -31.13438749
    0.99133689   -31.78824513   -31.38235254   -32.63742846   -30.12727662   -31.38418766   -31.63862816   -31.12412815
    1.08271847   -31.08182094   -30.94223990   -32.19858775   -29.68589205   -30.94426362   -31.25181556   -30.62957426
    1.17469397   -30.26190798   -30.40732116   -31.66611562   -29.14852671   -30.40955736   -30.60532592   -30.20880423
    1.26726340   -29.65111741   -29.75365192   -31.01615519   -28.49114865   -29.75612196   -30.53564242   -29.00509148
    1.36042676   -28.71841052   -28.95218087   -30.21933309   -27.68502866   -28.95489806   -29.30673743   -28.60218859
    1.45418405   -27.66278496   -27.96954659   -29.24113313   -26.69796006   -27.97250706   -28.76540611   -27.15653969
    1.54853526   -26.24546809   -26.77118568   -28.04450264   -25.49786871   -26.77435537   -27.35929131   -26.18769931
    1.64348040   -25.37730975   -25.32832671   -26.59664042   -24.06001301   -25.33162667   -26.17569046   -24.50631124
    1.73901946   -23.86370528   -23.62988677   -24.88171895   -22.37805460   -23.63318376   -24.08419065   -23.17018406
    1.83515246   -21.63644611   -21.69749734   -22.91832874   -20.47666595   -21.70061234   -22.41965794   -20.96950600
    1.93187937   -20.02086120   -19.59666586   -20.77362267   -18.41970906   -19.59941014   -19.92038514   -19.27309186
    2.02920022   -18.02624729   -17.43347681   -18.56040094   -16.30655267   -17.43570799   -17.80672819   -17.04737127
    2.12711499   -15.42297014   -15.33170536   -16.41016495   -14.25324577   -15.33337319   -15.96026305   -14.71670994
    2.22562369   -13.64031786   -13.39976162   -14.43530207   -12.36422117   -13.40091381   -13.61321611   -13.19121715
    2.32472632   -11.83407754   -11.70610224   -12.70412585   -10.70807863   -11.70685096   -12.10783020   -11.29941675
    2.42442287   -10.01433079   -10.27418724   -11.23874773    -9.30962676   -10.27466342   -10.64577498    -9.89479281
    2.52471335    -8.99589440    -9.09307452   -10.02764442    -8.15850463    -9.09339459    -9.30894741    -8.88424049
    2.62559776    -7.81529487    -8.13288782    -9.04111196    -7.22466368    -8.13313976    -8.82888197    -7.42277304
