# Experiment 0 Ligand    34.40000000 uM Receptor     2.87000000 uM Volume  1420.60000000 uL
# Guess_cost     19931.68178188 (kcal_mol^-1)^2 Guess_chi_sq       830.48674091
# Fit_cost           8.88476768 (kcal_mol^-1)^2 Fit_chi_sq           0.37019865
# Bootstrap_cost     8.88567810 (kcal_mol^-1)^2 Bootstrap_chi_sq     0.37023659
# Parameter Fit_value Confidence_lower Confidence_upper Bootstrap_value Bootstrap_lower Bootstrap_upper
# Offset_1_(kcal_mol^-1)     -2.88610385    -5.27096455    -0.50124315    -2.89445260    -4.18285671    -1.10939231
# Eta                         1.01334885     0.97421238     1.05248531     1.01348598     0.99669366     1.03692648
# DeltaH_(kcal_mol^-1)      -31.15975273   -34.00320566   -28.31629981   -31.14706760   -33.91463136   -29.12417510
# DeltaG_(kcal_mol^-1)       -1.18008111    -1.34316187    -1.01700035    -1.18074941    -1.32275994    -1.02300373
# KD_(uM)                     0.14738808     0.11312235     0.19203320     0.14722835     0.11692961     0.19017178
# Stoichiometric_ratio Target_enthalpy_(kcal_mol^-1) Fit_enthalpy Confidence_lower Confidence_upper Bootstrap_enthalpy Bootstrap_lower Bootstrap_upper
    0.11018708   -30.98736768   -33.21450544   -36.87426260   -29.55474828   -33.21149833   -37.13941787   -29.38625392
    0.19562939   -32.40847038   -33.12817075   -36.78328784   -29.47305367   -33.12530446   -34.53765374   -31.75472257
    0.28166563   -32.90996351   -33.02851182   -36.67840422   -29.37861943   -33.02580687   -33.70714004   -32.39402380
    0.36829579   -33.08207513   -32.91329297   -36.55732171   -29.26926423   -32.91077357   -33.57843835   -32.27478010
    0.45551988   -32.97661633   -32.77974707   -36.41721627   -29.14227787   -32.77744198   -33.44612145   -32.11591598
    0.54333790   -33.17830724   -32.62442663   -36.25458358   -28.99426968   -32.62237015   -33.75322126   -31.51211412
    0.63174984   -33.20504767   -32.44300859   -36.06504839   -28.82096879   -32.44124183   -33.92518237   -31.01026697
    0.72075571   -33.00232994   -32.23003861   -35.84311639   -28.61696083   -32.22861099   -33.72918664   -30.73078436
    0.81035551   -32.65932927   -31.97859729   -35.58185191   -28.37534267   -31.97756838   -33.29641060   -30.67140920
    0.90054924   -32.14092560   -31.67986878   -35.27246320   -28.08727437   -31.67931033   -32.56641331   -30.76274410
    0.99133689   -31.78824513   -31.32259432   -34.90377748   -27.74141116   -31.32259243   -32.20247341   -30.40172473
    1.08271847   -31.08182094   -30.89240588   -34.46159772   -27.32321404   -30.89306292   -31.32167917   -30.45468412
    1.17469397   -30.26190798   -30.37107138   -33.92795998   -26.81418278   -30.37250689   -30.65757949   -30.06833406
    1.26726340   -29.65111741   -29.73576807   -33.28037751   -26.19115862   -29.73811711   -29.97808937   -29.47380224
    1.36042676   -28.71841052   -28.95867400   -32.49129901   -25.42604899   -28.96208047   -29.42900034   -28.47895931
    1.45418405   -27.66278496   -28.00747864   -31.52828128   -24.48667600   -28.01207951   -28.63300401   -27.35648098
    1.54853526   -26.24546809   -26.84786815   -30.35583181   -23.33990448   -26.85376439   -27.88157910   -25.79762126
    1.64348040   -25.37730975   -25.44945718   -28.94044844   -21.95846593   -25.45666911   -25.75996340   -25.12650070
    1.73901946   -23.86370528   -23.79637491   -27.26056637   -20.33218344   -23.80478946   -24.09998103   -23.49536093
    1.83515246   -21.63644611   -21.90159198   -25.32157264   -18.48161131   -21.91092636   -22.39468556   -21.39505081
    1.93187937   -20.02086120   -19.81946718   -23.17123127   -16.46770308   -19.82928707   -20.19519234   -19.44660400
    2.02920022   -18.02624729   -17.64663262   -20.90461393   -14.38865131   -17.65644718   -18.25133707   -17.02827751
    2.12711499   -15.42297014   -15.50406767   -18.64827838   -12.35985697   -15.51346809   -15.77607833   -15.23741423
    2.22562369   -13.64031786   -13.50581092   -16.52709694   -10.48452490   -13.51457306   -13.83219512   -13.18795639
    2.32472632   -11.83407754   -11.73134679   -14.63233352    -8.83036006   -11.73944287   -11.98201459   -11.49048177
    2.42442287   -10.01433079   -10.21549133   -13.00787869    -7.42310396   -10.22302756   -10.55241825    -9.89308721
    2.52471335    -8.99589440    -8.95551775   -11.65590057    -6.25513494    -8.96265425    -9.11299934    -8.79675917
    2.62559776    -7.81529487    -7.92585630   -10.55193883    -5.29977376    -7.93274944    -8.19097717    -7.64344537
