# Experiment 0 Ligand    45.00000000 uM Receptor     3.00000000 uM Volume  1420.60000000 uL
# Guess_cost         5.89298293 (kcal_mol^-1)^2 Guess_chi_sq         0.29464915
# Fit_cost           0.84780846 (kcal_mol^-1)^2 Fit_chi_sq           0.04239042
# Bootstrap_cost     0.82749418 (kcal_mol^-1)^2 Bootstrap_chi_sq     0.04137471
# Parameter Fit_value Confidence_lower Confidence_upper Bootstrap_value Bootstrap_lower Bootstrap_upper
# Offset_1_(kcal_mol^-1)     -1.99970550    -2.53381148    -1.46559953    -1.97368998    -2.43895668    -1.31013482
# Eta                         0.88931244     0.86609542     0.91252946     0.89071184     0.87501415     1.03970144
# DeltaH_A1_(kcal_mol^-1)   -34.62828796   -38.21995527   -31.03662065   -34.50368932   -35.42450229   -29.80034743
# DeltaH_B1_(kcal_mol^-1)   -30.86979830   -35.88437064   -25.85522595   -30.94088411   -35.16649402   -30.66140151
# DeltaH_A2_(kcal_mol^-1)   -38.47446141   -45.63571507   -31.31320774   -37.88740753   -39.85962816   -30.74554791
# DeltaH_B2_(kcal_mol^-1)   -34.71597174   -38.35431535   -31.07762814   -34.56369894   -39.86773847   -31.58070024
# DeltaG_A1_(kcal_mol^-1)     0.14110864    -0.58974614     0.87196343     0.12186838    -4.03778970     0.26298899
# DeltaG_B1_(kcal_mol^-1)     0.52761695    -1.50260829     2.55784220     0.45127626    -2.32877407     1.43798304
# DeltaG_A2_(kcal_mol^-1)    -1.56684439    -3.30604039     0.17235160    -1.65757862    -2.52941685    -1.23256930
# DeltaG_B2_(kcal_mol^-1)    -1.18033608    -1.93057814    -0.43009402    -1.15951908    -1.30075405    -0.65053248
# KD_A1_(uM)                  1.25727831     0.38409499     4.11551521     1.21863566     0.00142822     1.53219395
# KD_B1_(uM)                  2.35386945     0.08733642    63.44090613     2.07964557     0.02285821    10.31019338
# KD_A2_(uM)                  0.07869221     0.00468184     1.32265507     0.06791980     0.01650671     0.13535580
# KD_B2_(uM)                  0.14732712     0.04361429     0.49766446     0.15238818     0.12117997     0.34802135
# Alpha                      15.97716320     0.74847096   341.05497620    14.57775784     0.06868606    66.90317458
# KD_1_(uM)                   0.81953695     0.16592676     4.04781496     0.78358480     0.00134362     1.21165122
# KD_2_(uM)                   0.22601933     0.06392786     0.79909982     0.23203647     0.16899595     0.37935328
# Gamma                      14.50383801     1.41879066   148.26804516    13.50808175     0.01510375    28.44210223
# Stoichiometric_ratio Target_enthalpy_(kcal_mol^-1) Fit_enthalpy Confidence_lower Confidence_upper Bootstrap_enthalpy Bootstrap_lower Bootstrap_upper
    0.13789593   -30.24716619   -30.38163673   -35.13072068   -25.63255279   -30.39704236   -31.72658085   -30.29738794
    0.24483174   -31.69472036   -31.51360521   -35.58486872   -27.44234170   -31.51939099   -31.82440727   -31.22972486
    0.35252295   -32.08574311   -31.91480640   -35.79770788   -28.03190492   -31.87784940   -32.17133767   -31.45936414
    0.46097491   -31.96630528   -32.03637390   -35.86480928   -28.20793851   -32.01920813   -32.19454584   -31.48877178
    0.57019299   -31.96974563   -31.99607864   -35.83530360   -28.15685369   -31.98408347   -32.11130031   -31.48807839
    0.68018259   -31.63317023   -31.83441598   -35.72451771   -27.94431424   -31.80488240   -32.17169161   -31.35421118
    0.79094918   -31.66762716   -31.56307844   -35.53123021   -27.59492668   -31.55004425   -31.76474839   -31.31666100
    0.90249823   -30.97110286   -31.17881416   -35.24256904   -27.11505929   -31.19284684   -31.57050142   -30.82030739
    1.01483528   -30.94820343   -30.66794840   -34.83410728   -26.50178951   -30.71463389   -31.18404248   -30.18992168
    1.12796589   -30.00295052   -30.00767925   -34.26755174   -25.74780676   -30.02152400   -30.21622037   -29.89592976
    1.24189566   -29.07166748   -29.16633067   -33.48719445   -24.84546688   -29.16955740   -29.36399037   -28.97287666
    1.35663025   -27.99096450   -28.10403628   -32.41707857   -23.79099399   -28.10049670   -28.31962309   -27.88164035
    1.47217534   -26.94868064   -26.77575410   -30.96387971   -22.58762849   -26.77055110   -27.07559664   -26.47031918
    1.58853665   -25.06970628   -25.13941883   -29.03689214   -21.24194552   -25.13668888   -25.29979628   -24.97069712
    1.70571995   -23.42493568   -23.17224852   -26.60552164   -19.73897540   -23.16465414   -23.58375262   -22.75619234
    1.82373104   -20.86377531   -20.89499022   -23.81370016   -17.97628028   -20.89247182   -21.04641200   -20.73704096
    1.94257578   -18.39773955   -18.39441824   -21.07516287   -15.71367361   -18.39197482   -18.55131598   -18.22778941
    2.06226005   -15.51892931   -15.82352495   -18.76815105   -12.87889885   -15.82160251   -16.32083041   -15.31951359
    2.18278979   -13.13983805   -13.36446065   -16.78899002    -9.93993128   -13.36143282   -13.74766001   -12.97337102
    2.30417096   -11.46049493   -11.16984025   -14.92030223    -7.41937826   -11.17197189   -11.64850487   -10.70324037
    2.42640958    -9.33235571    -9.32164809   -13.11912147    -5.52417472    -9.32496897    -9.49821889    -9.15433195
    2.54951171    -7.89065688    -7.82964846   -11.44280152    -4.21649540    -7.83505517    -8.01099172    -7.66204036
    2.67348345    -6.90946063    -6.65659406    -9.95323035    -3.35995777    -6.66085413    -7.09647556    -6.21992487
    2.79833093    -5.65663926    -5.74639658    -8.67916985    -2.81362331    -5.74849170    -5.95277162    -5.55173069
    2.92406036    -5.23107762    -5.04265304    -7.61740957    -2.46789650    -5.04629574    -5.38603929    -4.69683082
    3.05067795    -4.34415409    -4.49698034    -6.74608835    -2.24787233    -4.49603062    -4.78509270    -4.20289392
    3.17818998    -4.14671970    -4.07101065    -6.03646340    -2.10555791    -4.06674297    -4.29961153    -3.82650460
    3.30660277    -3.42011803    -3.73551536    -5.45989610    -2.01113463    -3.72561773    -4.17141982    -3.26781208
