# Experiment 0 Ligand    45.00000000 uM Receptor     3.00000000 uM Volume  1420.60000000 uL
# Guess_cost     14968.46059226 (kcal_mol^-1)^2 Guess_chi_sq       623.68585801
# Fit_cost           5.96695515 (kcal_mol^-1)^2 Fit_chi_sq           0.24862313
# Bootstrap_cost     5.96712914 (kcal_mol^-1)^2 Bootstrap_chi_sq     0.24863038
# Parameter Fit_value Confidence_lower Confidence_upper Bootstrap_value Bootstrap_lower Bootstrap_upper
# Offset_1_(kcal_mol^-1)     -2.18532794    -2.94746212    -1.42319377    -2.18086509    -2.71539377    -1.55326526
# Eta                         0.99583751     0.97953025     1.01214477     0.99595197     0.98703163     1.00582395
# DeltaH_(kcal_mol^-1)      -30.84055385   -31.95147516   -29.72963254   -30.84850698   -32.23239276   -29.68914330
# DeltaG_(kcal_mol^-1)       -1.16129548    -1.27207266    -1.05051830    -1.16002758    -1.26190226    -1.04992028
# KD_(uM)                     0.15194960     0.12695243     0.18186875     0.15226251     0.12906472     0.18204530
# Stoichiometric_ratio Target_enthalpy_(kcal_mol^-1) Fit_enthalpy Confidence_lower Confidence_upper Bootstrap_enthalpy Bootstrap_lower Bootstrap_upper
    0.13789401   -30.24716619   -32.18499044   -33.51551797   -30.85446291   -32.18668652   -35.49664141   -28.79192622
    0.24482109   -31.69472036   -32.07501872   -33.40444252   -30.74559492   -32.07650876   -32.95255237   -31.24762480
    0.35249143   -32.08574311   -31.94377313   -33.27214099   -30.61540527   -31.94502581   -32.58719651   -31.35129766
    0.46090505   -31.96630528   -31.78630978   -33.11377410   -30.45884545   -31.78728828   -32.41623364   -31.18746323
    0.57006195   -31.96974563   -31.59612456   -32.92300018   -30.26924894   -31.59678577   -32.40478480   -30.78198916
    0.67996211   -31.63317023   -31.36457278   -32.69142163   -30.03772392   -31.36486674   -32.02633472   -30.71993142
    0.79060555   -31.66762716   -31.08005445   -32.40780463   -29.75230426   -31.07992446   -32.22653636   -29.95672643
    0.90199225   -30.97110286   -30.72687941   -32.05697981   -29.39677900   -30.72626355   -31.31854597   -30.14264037
    1.01412223   -30.94820343   -30.28372097   -31.61830930   -28.94913264   -30.28255675   -31.55144057   -29.02896373
    1.12699548   -30.00295052   -29.72161276   -31.06361023   -28.37961529   -29.71984769   -30.29733366   -29.14544011
    1.24061201   -29.07166748   -29.00163733   -30.35453754   -27.64873713   -28.99925023   -29.23020548   -28.75549415
    1.35497180   -27.99096450   -28.07301015   -29.43987060   -26.70614970   -28.07004971   -28.28906560   -27.84483412
    1.47007487   -26.94868064   -26.87354296   -28.25442167   -25.49266424   -26.87018858   -27.07750222   -26.65364987
    1.58592121   -25.06970628   -25.33675513   -26.72414706   -23.94936319   -25.33339120   -25.81095345   -24.84966068
    1.70251082   -23.42493568   -23.41212668   -24.78614547   -22.03810789   -23.40938287   -23.64032896   -23.15858015
    1.81984370   -20.86377531   -21.10200134   -22.43144196   -19.77256071   -21.10065833   -21.54618065   -20.65579788
    1.93791985   -18.39773955   -18.50184636   -19.75774304   -17.24594969   -18.50252925   -18.77412239   -18.22897898
    2.05673928   -15.51892931   -15.80575139   -16.97976860   -14.63173418   -15.80854615   -16.29235531   -15.31718396
    2.17630197   -13.13983805   -13.24724711   -14.35204881   -12.14244541   -13.25159123   -13.54725217   -12.94484097
    2.29660794   -11.46049493   -11.00826536   -12.05897292    -9.95755780   -11.01325343   -11.76149365   -10.25628745
    2.41765718    -9.33235571    -9.16806907   -10.17164194    -8.16449620    -9.17287611    -9.53787415    -8.81332059
    2.53944969    -7.89065688    -7.71631445    -8.67544931    -6.75717960    -7.72041593    -8.08803177    -7.36024615
    2.66198548    -6.90946063    -6.59549405    -7.51388065    -5.67710744    -6.59866003    -7.15842582    -6.03079385
    2.78526453    -5.65663926    -5.73648549    -6.61984647    -4.85312451    -5.73868199    -5.95211364    -5.51816641
    2.90928686    -5.23107762    -5.07683438    -5.93176288    -4.22190588    -5.07812868    -5.40245480    -4.75705895
    3.03405246    -4.34415409    -4.56649614    -5.39924546    -3.73374682    -4.56699501    -4.97611996    -4.15365568
    3.15956133    -4.14671970    -4.16758207    -4.98344426    -3.35171988    -4.16739883    -4.43122060    -3.89062534
    3.28581347    -3.42011803    -3.85213198    -4.65529738    -3.04896657    -3.85137161    -4.50701457    -3.19120227
