# Experiment 0 Ligand    45.00000000 uM Receptor     3.00000000 uM Volume  1420.60000000 uL
# Experiment 1 Ligand    34.40000000 uM Receptor     2.87000000 uM Volume  1420.60000000 uL
# Guess_cost        15.37117075 (kcal_mol^-1)^2 Guess_chi_sq         0.32704619
# Fit_cost           2.73025124 (kcal_mol^-1)^2 Fit_chi_sq           0.05809045
# Bootstrap_cost     2.72994472 (kcal_mol^-1)^2 Bootstrap_chi_sq     0.05808393
# Parameter Fit_value Confidence_lower Confidence_upper Bootstrap_value Bootstrap_lower Bootstrap_upper
# Offset_1_(kcal_mol^-1)     -2.22263648    -2.68863862    -1.75663435    -2.21086311    -2.55969577    -1.82841557
# Offset_2_(kcal_mol^-1)     -3.49746276    -3.97991457    -3.01501095    -3.48681338    -3.86582314    -3.06999515
# Eta                         0.88012686     0.86335776     0.89689596     0.88046946     0.87245603     0.88953901
# DeltaH_A1_(kcal_mol^-1)   -35.36134618   -38.61311423   -32.10957814   -35.37136809   -36.26922823   -34.56497926
# DeltaH_B1_(kcal_mol^-1)   -30.99452447   -36.95545159   -25.03359734   -30.99278982   -31.03313327   -30.87588658
# DeltaH_A2_(kcal_mol^-1)   -37.54699598   -45.24404815   -29.84994381   -37.57252036   -39.01663069   -36.24951121
# DeltaH_B2_(kcal_mol^-1)   -33.18017427   -36.80480729   -29.55554124   -33.18668507   -34.65146480   -31.69179422
# DeltaG_A1_(kcal_mol^-1)     0.20817760    -0.23127628     0.64763149     0.20822611     0.10764492     0.31498699
# DeltaG_B1_(kcal_mol^-1)     1.69181412    -3.34313355     6.72676179     1.68974529     0.98179704     2.11353905
# DeltaG_A2_(kcal_mol^-1)    -2.68330121    -7.68180013     2.31519771    -2.68089478    -3.09812492    -2.00616249
# DeltaG_B2_(kcal_mol^-1)    -1.19966469    -1.61510040    -0.78422899    -1.20110400    -1.30763504    -1.10869968
# KD_A1_(uM)                  1.40181660     0.68711977     2.85989408     1.40192692     1.19083447     1.66707003
# KD_B1_(uM)                 15.56422396     0.00440838 54950.99099471    15.51206755     4.91833220    30.85273133
# KD_A2_(uM)                  0.01285958     0.00000386    42.79482729     0.01290988     0.00656030     0.03858057
# KD_B2_(uM)                  0.14277853     0.07276599     0.28015435     0.14244549     0.11983459     0.16548586
# Alpha                     109.00955569     0.03174782 374295.99334388   108.53579018    31.23120282   248.54022525
# KD_1_(uM)                   1.28599171     0.48261751     3.42667771     1.28237470     0.97421823     1.57521713
# KD_2_(uM)                   0.15563810     0.06253517     0.38735353     0.15599298     0.12678431     0.19979273
# Gamma                      33.05081916     6.54741351   166.83788884    32.94353349    19.63369749    49.14924602
# Stoichiometric_ratio Target_enthalpy_(kcal_mol^-1) Fit_enthalpy Confidence_lower Confidence_upper Bootstrap_enthalpy Bootstrap_lower Bootstrap_upper
    0.13789593   -30.24716619   -30.35414141   -33.86283458   -26.84544824   -30.35516154   -30.53496174   -30.17844181
    0.24483174   -31.69472036   -31.62457267   -34.69856541   -28.55057994   -31.62170050   -31.76731973   -31.47841897
    0.35252295   -32.08574311   -32.00513526   -34.94471785   -29.06555267   -32.00259394   -32.16700850   -31.83638428
    0.46097491   -31.96630528   -32.09399412   -34.98007798   -29.20791026   -32.08964701   -32.33195940   -31.84279756
    0.57019299   -31.96974563   -32.02434651   -34.89309104   -29.15560198   -32.02358014   -32.16202711   -31.88263260
    0.68018259   -31.63317023   -31.83948044   -34.71121337   -28.96774750   -31.84306752   -32.22462767   -31.45787045
    0.79094918   -31.66762716   -31.55187309   -34.43939386   -28.66435233   -31.55467503   -31.78100875   -31.32289893
    0.90249823   -30.97110286   -31.15886102   -34.06989514   -28.24782690   -31.15951832   -31.51695357   -30.80515302
    1.01483528   -30.94820343   -30.64752718   -33.58449882   -27.71055554   -30.64414971   -31.19007485   -30.10710362
    1.12796589   -30.00295052   -29.99597668   -32.95370848   -27.03824487   -29.99753489   -30.08959611   -29.90682180
    1.24189566   -29.07166748   -29.17331809   -32.13449050   -26.21214568   -29.17533218   -29.37758500   -28.97176471
    1.35663025   -27.99096450   -28.13972599   -31.06799423   -25.21145776   -28.14016988   -28.42284537   -27.85426619
    1.47217534   -26.94868064   -26.84832360   -29.68050765   -24.01613956   -26.84928190   -27.05705426   -26.64280218
    1.58853665   -25.06970628   -25.25170692   -27.89535549   -22.60805836   -25.25409700   -25.59141504   -24.91142777
    1.70571995   -23.42493568   -23.31686740   -25.67064796   -20.96308685   -23.31665115   -23.54632778   -23.09310957
    1.82373104   -20.86377531   -21.05039781   -23.07971053   -19.02108509   -21.05032969   -21.39965741   -20.70375045
    1.94257578   -18.39773955   -18.52686827   -20.39338477   -16.66035177   -18.52305379   -18.79513191   -18.25863988
    2.06226005   -15.51892931   -15.89848778   -17.92117804   -13.87579751   -15.90207704   -16.55863297   -15.23415624
    2.18278979   -13.13983805   -13.36254176   -15.69347365   -11.03160987   -13.35810281   -13.77598906   -12.94788330
    2.30417096   -11.46049493   -11.09489802   -13.63121982    -8.55857623   -11.09126922   -11.74091416   -10.46262549
    2.42640958    -9.33235571    -9.19525746   -11.74072239    -6.64979253    -9.19455197    -9.48008413    -8.90903745
    2.54951171    -7.89065688    -7.67887227   -10.07258124    -5.28516331    -7.68069003    -8.07949942    -7.28095186
    2.67348345    -6.90946063    -6.50458230    -8.66023334    -4.34893126    -6.51470671    -7.22775537    -5.78018138
    2.79833093    -5.65663926    -5.60888631    -7.50241988    -3.71535274    -5.60893801    -5.77585603    -5.44413958
    2.92406036    -5.23107762    -4.92845382    -6.57283092    -3.28407673    -4.92626806    -5.46370433    -4.39736233
    3.05067795    -4.34415409    -4.40987724    -5.83478246    -2.98497202    -4.40817228    -4.61458876    -4.20230853
    3.17818998    -4.14671970    -4.01164319    -5.25132226    -2.77196411    -4.00610585    -4.29151611    -3.72903444
    3.30660277    -3.42011803    -3.70276890    -4.78999345    -2.61554435    -3.70329600    -4.13429183    -3.27050919
    0.11018862   -30.98736768   -30.97370098   -34.70888838   -27.23851357   -30.97900679   -31.11448522   -30.84480978
    0.19563790   -32.40847038   -32.39057803   -35.61633819   -29.16481788   -32.38870794   -32.53574576   -32.24388430
    0.28169082   -32.90996351   -32.89362581   -35.94645338   -29.84079824   -32.89146016   -33.05368730   -32.72709970
    0.36835162   -33.08207513   -33.09180469   -36.06452296   -30.11908641   -33.09185787   -33.33330987   -32.84057114
    0.45562460   -32.97661633   -33.13363892   -36.06788578   -30.19939205   -33.13265421   -33.25854793   -33.00096732
    0.54351408   -33.17830724   -33.07360809   -35.99244413   -30.15477205   -33.07213526   -33.45150549   -32.68364933
    0.63202443   -33.20504767   -32.93464653   -35.85257707   -30.01671600   -32.93525630   -33.16614646   -32.70336542
    0.72116003   -33.00232994   -32.72580607   -35.65261553   -29.79899662   -32.72203335   -33.07787085   -32.37388194
    0.81092529   -32.65932927   -32.44858531   -35.39084756   -29.50632305   -32.44784538   -32.99993245   -31.89473799
    0.90132466   -32.14092560   -32.09947227   -35.06091353   -29.13803101   -32.10077815   -32.19112439   -32.01350380
    0.99236262   -31.78824513   -31.67096879   -34.65205569   -28.68988189   -31.67266473   -31.88055978   -31.46866604
    1.08404368   -31.08182094   -31.15193648   -34.14876139   -28.15511156   -31.15187270   -31.43610605   -30.86354217
    1.17637239   -30.26190798   -30.52766370   -33.53008512   -27.52524227   -30.53023500   -30.73385204   -30.32466780
    1.26935332   -29.65111741   -29.77994366   -32.76896424   -26.79092308   -29.78175567   -30.12242317   -29.43621229
    1.36299108   -28.71841052   -28.88750033   -31.83211231   -25.94288836   -28.88831897   -29.10854806   -28.66365105
    1.45729031   -27.66278496   -27.82724545   -30.68165531   -24.97283559   -27.82526749   -28.18332302   -27.47868381
    1.55225568   -26.24546809   -26.57703660   -29.28064825   -23.87342494   -26.57505753   -26.84191271   -26.31687293
    1.64789189   -25.37730975   -25.12067012   -27.60582223   -22.63551802   -25.12402065   -25.78854581   -24.43903782
    1.74420369   -23.86370528   -23.45542508   -25.67128982   -21.23956034   -23.45489706   -23.87066353   -23.02568802
    1.84119584   -21.63644611   -21.60108861   -23.56153414   -19.64064309   -21.60608781   -22.25234490   -20.94869119
    1.93887316   -20.02086120   -19.60698768   -21.44248484   -17.77149052   -19.60464001   -19.88742646   -19.32728473
    2.03724048   -18.02624729   -17.55159232   -19.47259140   -15.63059325   -17.55205745   -17.95884306   -17.14673484
    2.13630268   -15.42297014   -15.53078780   -17.67798335   -13.38359225   -15.53615747   -16.27611647   -14.80653191
    2.23606467   -13.64031786   -13.63730209   -16.00748542   -11.26711875   -13.63506704   -13.81087764   -13.45993691
    2.33653139   -11.83407754   -11.94057741   -14.43562970    -9.44552513   -11.94135295   -12.50254523   -11.38112563
    2.43770781   -10.01433079   -10.47649481   -12.97429028    -7.97869934   -10.47520850   -10.66078366   -10.28979711
    2.53959896    -8.99589440    -9.24933531   -11.64824596    -6.85042466    -9.24657920    -9.51733284    -8.96677735
    2.64220988    -7.81529487    -8.24133386   -10.47600935    -6.00665838    -8.23926995    -8.74223624    -7.73188241
