-6.971699999999999564e-01 3.000000000000000000e+00 1.709999999999999932e-03 2.990000000000000036e-03 -2.869007500000000164e+02 -1.302831400000000031e+03
-5.872700000000000031e+00 1.000000000000000000e+01 7.380000000000000275e-03 2.969999999999999984e-03 -7.250242399999999634e+02 -1.266688239999999951e+03
-8.210060000000000358e+00 1.000000000000000000e+01 1.299999999999999940e-02 2.949999999999999931e-03 -1.013587620000000015e+03 -1.212271549999999934e+03
-9.027590000000000003e+00 1.000000000000000000e+01 1.859999999999999848e-02 2.929999999999999879e-03 -1.114517640000000029e+03 -1.159288279999999986e+03
-9.406349999999999767e+00 1.000000000000000000e+01 2.409999999999999989e-02 2.909999999999999826e-03 -1.161277859999999919e+03 -1.107692720000000008e+03
-9.446080000000000254e+00 1.000000000000000000e+01 2.970000000000000070e-02 2.890000000000000208e-03 -1.166182780000000093e+03 -1.057440859999999930e+03
-9.384619999999999962e+00 1.000000000000000000e+01 3.509999999999999926e-02 2.870000000000000155e-03 -1.158595530000000053e+03 -1.008490239999999972e+03
-9.243869999999999365e+00 1.000000000000000000e+01 4.059999999999999720e-02 2.850000000000000103e-03 -1.141218399999999974e+03 -9.607999499999999671e+02
-8.931760000000000588e+00 1.000000000000000000e+01 4.590000000000000330e-02 2.830000000000000050e-03 -1.102685919999999896e+03 -9.143305400000000418e+02
-8.425090000000000856e+00 1.000000000000000000e+01 5.129999999999999838e-02 2.809999999999999998e-03 -1.040134180000000015e+03 -8.690439699999999448e+02
-7.895800000000000374e+00 1.000000000000000000e+01 5.659999999999999754e-02 2.789999999999999945e-03 -9.747905799999999772e+02 -8.249035400000000209e+02
-7.440920000000000201e+00 1.000000000000000000e+01 6.189999999999999669e-02 2.769999999999999893e-03 -9.186315299999999979e+02 -7.818738600000000361e+02
-6.963599999999999568e+00 1.000000000000000000e+01 6.710000000000000686e-02 2.749999999999999840e-03 -8.597031799999999748e+02 -7.399207800000000361e+02
-6.375569999999999737e+00 1.000000000000000000e+01 7.230000000000000315e-02 2.729999999999999788e-03 -7.871070999999999458e+02 -6.990113700000000563e+02
-5.772599999999999731e+00 1.000000000000000000e+01 7.739999999999999658e-02 2.710000000000000169e-03 -7.126670800000000554e+02 -6.591138300000000072e+02
-5.389750000000000263e+00 1.000000000000000000e+01 8.250000000000000389e-02 2.690000000000000117e-03 -6.654017000000000053e+02 -6.201974900000000162e+02
-4.776049999999999685e+00 1.000000000000000000e+01 8.759999999999999731e-02 2.670000000000000064e-03 -5.896357100000000173e+02 -5.822327199999999721e+02
-4.313439999999999941e+00 1.000000000000000000e+01 9.260000000000000175e-02 2.660000000000000038e-03 -5.325228799999999865e+02 -5.451909299999999803e+02
-3.877079999999999860e+00 1.000000000000000000e+01 9.760000000000000620e-02 2.639999999999999986e-03 -4.786514199999999732e+02 -5.090445199999999772e+02
-3.484389999999999876e+00 1.000000000000000000e+01 1.025699999999999945e-01 2.619999999999999933e-03 -4.301716999999999871e+02 -4.737668400000000020e+02
-3.023600000000000065e+00 1.000000000000000000e+01 1.074800000000000061e-01 2.599999999999999881e-03 -3.732841500000000110e+02 -4.393321300000000065e+02
-2.567200000000000149e+00 1.000000000000000000e+01 1.123399999999999954e-01 2.579999999999999828e-03 -3.169383000000000266e+02 -4.057155399999999759e+02
-2.397359999999999935e+00 1.000000000000000000e+01 1.171699999999999964e-01 2.560000000000000209e-03 -2.959704899999999839e+02 -3.728930300000000102e+02
-2.072410000000000085e+00 1.000000000000000000e+01 1.219599999999999990e-01 2.550000000000000183e-03 -2.558529200000000117e+02 -3.408413899999999899e+02
-1.947780000000000067e+00 1.000000000000000000e+01 1.267000000000000071e-01 2.530000000000000131e-03 -2.404666899999999998e+02 -3.095382000000000176e+02
-1.732259999999999911e+00 1.000000000000000000e+01 1.314099999999999990e-01 2.510000000000000078e-03 -2.138593700000000126e+02 -2.789617799999999761e+02
-1.579649999999999999e+00 1.000000000000000000e+01 1.360800000000000065e-01 2.490000000000000026e-03 -1.950181100000000072e+02 -2.490911800000000085e+02
-1.490369999999999973e+00 1.000000000000000000e+01 1.406999999999999917e-01 2.469999999999999973e-03 -1.839962400000000002e+02 -2.199061399999999935e+02
-1.339779999999999971e+00 1.000000000000000000e+01 1.452900000000000025e-01 2.459999999999999947e-03 -1.654046099999999910e+02 -1.913870799999999974e+02
