-1.185799999999999965e+00 3.000000000000000000e+00 0.000000000000000000e+00 0.000000000000000000e+00 -2.635117650000000140e+03 0.000000000000000000e+00
-5.739489999999999981e+00 1.000000000000000000e+01 0.000000000000000000e+00 0.000000000000000000e+00 -3.826326939999999922e+03 0.000000000000000000e+00
-7.287670000000000314e+00 1.000000000000000000e+01 0.000000000000000000e+00 0.000000000000000000e+00 -4.858445160000000214e+03 0.000000000000000000e+00
-8.502100000000000435e+00 1.000000000000000000e+01 0.000000000000000000e+00 0.000000000000000000e+00 -5.668069849999999860e+03 0.000000000000000000e+00
-9.344490000000000407e+00 1.000000000000000000e+01 0.000000000000000000e+00 0.000000000000000000e+00 -6.229659889999999905e+03 0.000000000000000000e+00
-9.813019999999999854e+00 1.000000000000000000e+01 0.000000000000000000e+00 0.000000000000000000e+00 -6.542015949999999975e+03 0.000000000000000000e+00
-1.058764000000000038e+01 1.000000000000000000e+01 0.000000000000000000e+00 0.000000000000000000e+00 -7.058429269999999633e+03 0.000000000000000000e+00
-1.087625000000000064e+01 1.000000000000000000e+01 0.000000000000000000e+00 0.000000000000000000e+00 -7.250834869999999682e+03 0.000000000000000000e+00
-1.095003999999999955e+01 1.000000000000000000e+01 0.000000000000000000e+00 0.000000000000000000e+00 -7.300023949999999786e+03 0.000000000000000000e+00
-1.096921000000000035e+01 1.000000000000000000e+01 0.000000000000000000e+00 0.000000000000000000e+00 -7.312803390000000036e+03 0.000000000000000000e+00
-1.092216999999999949e+01 1.000000000000000000e+01 0.000000000000000000e+00 0.000000000000000000e+00 -7.281446670000000267e+03 0.000000000000000000e+00
-1.075933000000000028e+01 1.000000000000000000e+01 0.000000000000000000e+00 0.000000000000000000e+00 -7.172885629999999765e+03 0.000000000000000000e+00
-1.062326000000000015e+01 1.000000000000000000e+01 0.000000000000000000e+00 0.000000000000000000e+00 -7.082170379999999568e+03 0.000000000000000000e+00
-1.045299999999999940e+01 1.000000000000000000e+01 0.000000000000000000e+00 0.000000000000000000e+00 -6.968668850000000020e+03 0.000000000000000000e+00
-1.017788000000000004e+01 1.000000000000000000e+01 0.000000000000000000e+00 0.000000000000000000e+00 -6.785254350000000159e+03 0.000000000000000000e+00
-9.981289999999999552e+00 1.000000000000000000e+01 0.000000000000000000e+00 0.000000000000000000e+00 -6.654192430000000058e+03 0.000000000000000000e+00
-9.664059999999999206e+00 1.000000000000000000e+01 0.000000000000000000e+00 0.000000000000000000e+00 -6.442704300000000330e+03 0.000000000000000000e+00
-9.282170000000000698e+00 1.000000000000000000e+01 0.000000000000000000e+00 0.000000000000000000e+00 -6.188110920000000078e+03 0.000000000000000000e+00
-9.028499999999999304e+00 1.000000000000000000e+01 0.000000000000000000e+00 0.000000000000000000e+00 -6.018998770000000150e+03 0.000000000000000000e+00
-8.654199999999999449e+00 1.000000000000000000e+01 0.000000000000000000e+00 0.000000000000000000e+00 -5.769466040000000248e+03 0.000000000000000000e+00
-8.365170000000000883e+00 1.000000000000000000e+01 0.000000000000000000e+00 0.000000000000000000e+00 -5.576782040000000052e+03 0.000000000000000000e+00
-7.961490000000000400e+00 1.000000000000000000e+01 0.000000000000000000e+00 0.000000000000000000e+00 -5.307659160000000156e+03 0.000000000000000000e+00
-7.562909999999999577e+00 1.000000000000000000e+01 0.000000000000000000e+00 0.000000000000000000e+00 -5.041942299999999705e+03 0.000000000000000000e+00
-7.250969999999999693e+00 1.000000000000000000e+01 0.000000000000000000e+00 0.000000000000000000e+00 -4.833978019999999560e+03 0.000000000000000000e+00
-7.010239999999999583e+00 1.000000000000000000e+01 0.000000000000000000e+00 0.000000000000000000e+00 -4.673493529999999737e+03 0.000000000000000000e+00
-6.572569999999999801e+00 1.000000000000000000e+01 0.000000000000000000e+00 0.000000000000000000e+00 -4.381714280000000144e+03 0.000000000000000000e+00
-6.250589999999999868e+00 1.000000000000000000e+01 0.000000000000000000e+00 0.000000000000000000e+00 -4.167060629999999946e+03 0.000000000000000000e+00
-5.938799999999999635e+00 1.000000000000000000e+01 0.000000000000000000e+00 0.000000000000000000e+00 -3.959199259999999867e+03 0.000000000000000000e+00
-5.557780000000000165e+00 1.000000000000000000e+01 0.000000000000000000e+00 0.000000000000000000e+00 -3.705189269999999851e+03 0.000000000000000000e+00
