-2.469669999999999810e+00 3.000000000000000000e+00 1.160000000000000007e-04 2.990000000000000036e-03 -1.496769630999999936e+04 -3.168298487000000023e+04
-1.595159999999999911e+01 1.000000000000000000e+01 5.010000000000000347e-04 2.969999999999999984e-03 -2.900291682999999830e+04 -3.161094741000000067e+04
-1.683155000000000001e+01 1.000000000000000000e+01 8.829999999999999958e-04 2.949999999999999931e-03 -3.060281497999999920e+04 -3.148431851000000097e+04
-1.730648000000000053e+01 1.000000000000000000e+01 1.260000000000000052e-03 2.929999999999999879e-03 -3.146633259000000180e+04 -3.133286835000000065e+04
-1.757435999999999865e+01 1.000000000000000000e+01 1.639999999999999965e-03 2.909999999999999826e-03 -3.195337790999999925e+04 -3.115067436000000089e+04
-1.749800000000000111e+01 1.000000000000000000e+01 2.010000000000000068e-03 2.890000000000000208e-03 -3.181453884000000107e+04 -3.092993436999999903e+04
-1.722006999999999977e+01 1.000000000000000000e+01 2.390000000000000197e-03 2.870000000000000155e-03 -3.130922718000000168e+04 -3.066027657000000181e+04
-1.707409000000000177e+01 1.000000000000000000e+01 2.749999999999999840e-03 2.850000000000000103e-03 -3.104380360999999903e+04 -3.032780669000000125e+04
-1.674100999999999928e+01 1.000000000000000000e+01 3.119999999999999944e-03 2.830000000000000050e-03 -3.043820809999999983e+04 -2.991381687999999849e+04
-1.624340000000000117e+01 1.000000000000000000e+01 3.480000000000000020e-03 2.809999999999999998e-03 -2.953346308000000136e+04 -2.939310965999999826e+04
-1.598761999999999972e+01 1.000000000000000000e+01 3.840000000000000097e-03 2.789999999999999945e-03 -2.906839743000000090e+04 -2.873201835999999821e+04
-1.549488000000000021e+01 1.000000000000000000e+01 4.199999999999999740e-03 2.769999999999999893e-03 -2.817250848000000042e+04 -2.788657720999999947e+04
-1.462989999999999924e+01 1.000000000000000000e+01 4.559999999999999817e-03 2.749999999999999840e-03 -2.659982303999999931e+04 -2.680216576999999961e+04
-1.379635999999999996e+01 1.000000000000000000e+01 4.910000000000000302e-03 2.729999999999999788e-03 -2.508428352000000086e+04 -2.541759810999999900e+04
-1.279824999999999946e+01 1.000000000000000000e+01 5.259999999999999919e-03 2.710000000000000169e-03 -2.326954600999999820e+04 -2.367866534999999931e+04
-1.181329000000000029e+01 1.000000000000000000e+01 5.599999999999999943e-03 2.690000000000000117e-03 -2.147871649999999863e+04 -2.156573223000000144e+04
-1.031129999999999924e+01 1.000000000000000000e+01 5.950000000000000427e-03 2.670000000000000064e-03 -1.874781883000000016e+04 -1.913065029000000141e+04
-9.108380000000000365e+00 1.000000000000000000e+01 6.289999999999999584e-03 2.660000000000000038e-03 -1.656068494999999893e+04 -1.651800353000000177e+04
-7.686939999999999884e+00 1.000000000000000000e+01 6.629999999999999609e-03 2.639999999999999986e-03 -1.397625232999999935e+04 -1.393703110999999990e+04
-6.609189999999999898e+00 1.000000000000000000e+01 6.960000000000000041e-03 2.619999999999999933e-03 -1.201670426000000043e+04 -1.158673558000000048e+04
-5.423289999999999722e+00 1.000000000000000000e+01 7.300000000000000065e-03 2.599999999999999881e-03 -9.860536200000000463e+03 -9.588373369999999341e+03
-4.387629999999999697e+00 1.000000000000000000e+01 7.629999999999999630e-03 2.579999999999999828e-03 -7.977516400000000431e+03 -7.971055150000000140e+03
-3.693630000000000191e+00 1.000000000000000000e+01 7.960000000000000062e-03 2.560000000000000209e-03 -6.715690190000000257e+03 -6.700664550000000418e+03
-3.037879999999999914e+00 1.000000000000000000e+01 8.279999999999999166e-03 2.550000000000000183e-03 -5.523418469999999616e+03 -5.716724570000000313e+03
-2.676639999999999908e+00 1.000000000000000000e+01 8.600000000000000006e-03 2.530000000000000131e-03 -4.866616469999999936e+03 -4.956889610000000175e+03
-2.538749999999999840e+00 1.000000000000000000e+01 8.920000000000000845e-03 2.510000000000000078e-03 -4.615906509999999798e+03 -4.367717380000000048e+03
-2.156559999999999810e+00 1.000000000000000000e+01 9.239999999999999949e-03 2.490000000000000026e-03 -3.921027230000000145e+03 -3.907148169999999936e+03
-1.826840000000000019e+00 1.000000000000000000e+01 9.549999999999999462e-03 2.469999999999999973e-03 -3.321522770000000037e+03 -3.543417710000000170e+03
-1.717230000000000034e+00 1.000000000000000000e+01 9.870000000000000301e-03 2.459999999999999947e-03 -3.122237430000000131e+03 -3.252968559999999798e+03
