-1.284049999999999914e+00 3.000000000000000000e+00 0.000000000000000000e+00 0.000000000000000000e+00 -2.675111289999999826e+03 0.000000000000000000e+00
-5.928320000000000256e+00 1.000000000000000000e+01 0.000000000000000000e+00 0.000000000000000000e+00 -3.705202589999999873e+03 0.000000000000000000e+00
-7.411830000000000140e+00 1.000000000000000000e+01 0.000000000000000000e+00 0.000000000000000000e+00 -4.632390639999999621e+03 0.000000000000000000e+00
-8.813850000000000406e+00 1.000000000000000000e+01 0.000000000000000000e+00 0.000000000000000000e+00 -5.508655440000000453e+03 0.000000000000000000e+00
-9.534620000000000317e+00 1.000000000000000000e+01 0.000000000000000000e+00 0.000000000000000000e+00 -5.959140190000000075e+03 0.000000000000000000e+00
-1.034727999999999959e+01 1.000000000000000000e+01 0.000000000000000000e+00 0.000000000000000000e+00 -6.467049519999999575e+03 0.000000000000000000e+00
-1.083502000000000010e+01 1.000000000000000000e+01 0.000000000000000000e+00 0.000000000000000000e+00 -6.771886730000000171e+03 0.000000000000000000e+00
-1.089220000000000077e+01 1.000000000000000000e+01 0.000000000000000000e+00 0.000000000000000000e+00 -6.807627580000000307e+03 0.000000000000000000e+00
-1.097208000000000006e+01 1.000000000000000000e+01 0.000000000000000000e+00 0.000000000000000000e+00 -6.857553119999999581e+03 0.000000000000000000e+00
-1.099553000000000047e+01 1.000000000000000000e+01 0.000000000000000000e+00 0.000000000000000000e+00 -6.872204499999999825e+03 0.000000000000000000e+00
-1.092835000000000001e+01 1.000000000000000000e+01 0.000000000000000000e+00 0.000000000000000000e+00 -6.830216809999999896e+03 0.000000000000000000e+00
-1.077452000000000076e+01 1.000000000000000000e+01 0.000000000000000000e+00 0.000000000000000000e+00 -6.734075950000000375e+03 0.000000000000000000e+00
-1.064624000000000059e+01 1.000000000000000000e+01 0.000000000000000000e+00 0.000000000000000000e+00 -6.653898339999999735e+03 0.000000000000000000e+00
-1.032203999999999944e+01 1.000000000000000000e+01 0.000000000000000000e+00 0.000000000000000000e+00 -6.451277530000000297e+03 0.000000000000000000e+00
-1.007715999999999923e+01 1.000000000000000000e+01 0.000000000000000000e+00 0.000000000000000000e+00 -6.298226080000000366e+03 0.000000000000000000e+00
-9.785180000000000433e+00 1.000000000000000000e+01 0.000000000000000000e+00 0.000000000000000000e+00 -6.115735410000000229e+03 0.000000000000000000e+00
-9.339489999999999625e+00 1.000000000000000000e+01 0.000000000000000000e+00 0.000000000000000000e+00 -5.837183769999999640e+03 0.000000000000000000e+00
-9.053179999999999339e+00 1.000000000000000000e+01 0.000000000000000000e+00 0.000000000000000000e+00 -5.658236509999999726e+03 0.000000000000000000e+00
-8.653909999999999769e+00 1.000000000000000000e+01 0.000000000000000000e+00 0.000000000000000000e+00 -5.408691490000000158e+03 0.000000000000000000e+00
-8.203820000000000334e+00 1.000000000000000000e+01 0.000000000000000000e+00 0.000000000000000000e+00 -5.127386010000000169e+03 0.000000000000000000e+00
-7.856329999999999814e+00 1.000000000000000000e+01 0.000000000000000000e+00 0.000000000000000000e+00 -4.910205589999999575e+03 0.000000000000000000e+00
-7.495079999999999742e+00 1.000000000000000000e+01 0.000000000000000000e+00 0.000000000000000000e+00 -4.684424200000000383e+03 0.000000000000000000e+00
-6.978570000000000384e+00 1.000000000000000000e+01 0.000000000000000000e+00 0.000000000000000000e+00 -4.361607539999999972e+03 0.000000000000000000e+00
-6.710350000000000037e+00 1.000000000000000000e+01 0.000000000000000000e+00 0.000000000000000000e+00 -4.193970819999999549e+03 0.000000000000000000e+00
-6.345889999999999809e+00 1.000000000000000000e+01 0.000000000000000000e+00 0.000000000000000000e+00 -3.966182459999999992e+03 0.000000000000000000e+00
-5.986559999999999881e+00 1.000000000000000000e+01 0.000000000000000000e+00 0.000000000000000000e+00 -3.741598140000000058e+03 0.000000000000000000e+00
-5.659200000000000230e+00 1.000000000000000000e+01 0.000000000000000000e+00 0.000000000000000000e+00 -3.537001270000000204e+03 0.000000000000000000e+00
-5.344960000000000377e+00 1.000000000000000000e+01 0.000000000000000000e+00 0.000000000000000000e+00 -3.340599200000000110e+03 0.000000000000000000e+00
-4.959080000000000155e+00 1.000000000000000000e+01 0.000000000000000000e+00 0.000000000000000000e+00 -3.099425180000000182e+03 0.000000000000000000e+00
