-5.697750000000000092e+00 3.000000000000000000e+00 1.269999999999999970e-04 2.990000000000000036e-03 -3.165419430999999895e+04 -3.148301929000000018e+04
-1.697786999999999935e+01 1.000000000000000000e+01 5.469999999999999602e-04 2.969999999999999984e-03 -2.829645447000000058e+04 -3.139388466999999946e+04
-1.832839999999999847e+01 1.000000000000000000e+01 9.640000000000000131e-04 2.949999999999999931e-03 -3.054732800000000134e+04 -3.123480646999999954e+04
-1.889914999999999878e+01 1.000000000000000000e+01 1.379999999999999933e-03 2.929999999999999879e-03 -3.149857877999999982e+04 -3.104049058000000150e+04
-1.887074000000000140e+01 1.000000000000000000e+01 1.789999999999999925e-03 2.909999999999999826e-03 -3.145123692999999912e+04 -3.080111521999999968e+04
-1.878813999999999851e+01 1.000000000000000000e+01 2.200000000000000133e-03 2.890000000000000208e-03 -3.131357208000000173e+04 -3.050330787000000055e+04
-1.874014999999999986e+01 1.000000000000000000e+01 2.599999999999999881e-03 2.870000000000000155e-03 -3.123357540000000154e+04 -3.012869516999999905e+04
-1.825366999999999962e+01 1.000000000000000000e+01 3.000000000000000062e-03 2.850000000000000103e-03 -3.042278959000000032e+04 -2.965188938000000053e+04
-1.769429999999999836e+01 1.000000000000000000e+01 3.399999999999999811e-03 2.830000000000000050e-03 -2.949049363000000085e+04 -2.903784075999999914e+04
-1.711845999999999890e+01 1.000000000000000000e+01 3.799999999999999992e-03 2.809999999999999998e-03 -2.853076496000000043e+04 -2.823878225999999995e+04
-1.644000000000000128e+01 1.000000000000000000e+01 4.190000000000000148e-03 2.789999999999999945e-03 -2.739999780000000101e+04 -2.719188424999999916e+04
-1.535036000000000023e+01 1.000000000000000000e+01 4.579999999999999870e-03 2.769999999999999893e-03 -2.558392971000000034e+04 -2.582083698999999979e+04
-1.423536999999999964e+01 1.000000000000000000e+01 4.969999999999999592e-03 2.749999999999999840e-03 -2.372561175999999978e+04 -2.404820823999999993e+04
-1.296871999999999936e+01 1.000000000000000000e+01 5.349999999999999721e-03 2.729999999999999788e-03 -2.161452814999999828e+04 -2.182794270999999935e+04
-1.118828000000000067e+01 1.000000000000000000e+01 5.740000000000000310e-03 2.710000000000000169e-03 -1.864714093000000139e+04 -1.919843457000000126e+04
-9.765850000000000364e+00 1.000000000000000000e+01 6.109999999999999980e-03 2.690000000000000117e-03 -1.627641927000000032e+04 -1.632485110999999961e+04
-8.086460000000000647e+00 1.000000000000000000e+01 6.490000000000000109e-03 2.670000000000000064e-03 -1.347742993999999999e+04 -1.347211360000000059e+04
-6.544109999999999872e+00 1.000000000000000000e+01 6.859999999999999779e-03 2.660000000000000038e-03 -1.090685795999999937e+04 -1.089817272000000048e+04
-5.575350000000000250e+00 1.000000000000000000e+01 7.230000000000000315e-03 2.639999999999999986e-03 -9.292243860000000495e+03 -8.752649349999999686e+03
-4.263899999999999579e+00 1.000000000000000000e+01 7.599999999999999985e-03 2.619999999999999933e-03 -7.106504829999999856e+03 -7.059306150000000343e+03
-3.700860000000000039e+00 1.000000000000000000e+01 7.960000000000000062e-03 2.599999999999999881e-03 -6.168092520000000150e+03 -5.763091760000000249e+03
-3.053329999999999878e+00 1.000000000000000000e+01 8.319999999999999271e-03 2.579999999999999828e-03 -5.088886139999999614e+03 -4.782733680000000277e+03
-2.327040000000000219e+00 1.000000000000000000e+01 8.680000000000000215e-03 2.560000000000000209e-03 -3.878396589999999833e+03 -4.041116700000000037e+03
-2.037780000000000147e+00 1.000000000000000000e+01 9.029999999999999832e-03 2.550000000000000183e-03 -3.396307359999999790e+03 -3.475956999999999880e+03
-1.843509999999999982e+00 1.000000000000000000e+01 9.390000000000000777e-03 2.530000000000000131e-03 -3.072508530000000064e+03 -3.040466240000000198e+03
-1.393650000000000055e+00 1.000000000000000000e+01 9.730000000000000801e-03 2.510000000000000078e-03 -2.322745429999999942e+03 -2.700600620000000163e+03
-1.452550000000000008e+00 1.000000000000000000e+01 1.009999999999999960e-02 2.490000000000000026e-03 -2.420924640000000181e+03 -2.431860090000000127e+03
-1.148600000000000065e+00 1.000000000000000000e+01 1.039999999999999952e-02 2.469999999999999973e-03 -1.914327109999999948e+03 -2.216607910000000174e+03
1.665910000000000002e+00 1.000000000000000000e+01 1.080000000000000057e-02 2.459999999999999947e-03 2.776514040000000023e+03 -2.042067050000000108e+03
