-3.466849999999999987e+00 3.000000000000000000e+00 1.269999999999999970e-04 2.990000000000000036e-03 -1.926027103999999963e+04 -3.203604524999999921e+04
-1.729137000000000057e+01 1.000000000000000000e+01 5.469999999999999602e-04 2.969999999999999984e-03 -2.881895055000000139e+04 -3.194246790999999939e+04
-1.847267000000000081e+01 1.000000000000000000e+01 9.640000000000000131e-04 2.949999999999999931e-03 -3.078778003000000172e+04 -3.177546251000000120e+04
-1.900525999999999982e+01 1.000000000000000000e+01 1.379999999999999933e-03 2.929999999999999879e-03 -3.167544006000000081e+04 -3.157146833999999944e+04
-1.935951000000000022e+01 1.000000000000000000e+01 1.789999999999999925e-03 2.909999999999999826e-03 -3.226584292999999889e+04 -3.132017480000000069e+04
-1.934610999999999947e+01 1.000000000000000000e+01 2.200000000000000133e-03 2.890000000000000208e-03 -3.224351094000000012e+04 -3.100756607000000076e+04
-1.903520999999999930e+01 1.000000000000000000e+01 2.599999999999999881e-03 2.870000000000000155e-03 -3.172535139999999956e+04 -3.061443058000000019e+04
-1.857264999999999944e+01 1.000000000000000000e+01 3.000000000000000062e-03 2.850000000000000103e-03 -3.095441422999999850e+04 -3.011431658999999854e+04
-1.798284999999999911e+01 1.000000000000000000e+01 3.399999999999999811e-03 2.830000000000000050e-03 -2.997141080000000147e+04 -2.947089971000000151e+04
-1.740490000000000137e+01 1.000000000000000000e+01 3.799999999999999992e-03 2.809999999999999998e-03 -2.900816335999999865e+04 -2.863507688000000053e+04
-1.652661000000000158e+01 1.000000000000000000e+01 4.190000000000000148e-03 2.789999999999999945e-03 -2.754435405000000173e+04 -2.754308046000000104e+04
-1.552647999999999939e+01 1.000000000000000000e+01 4.579999999999999870e-03 2.769999999999999893e-03 -2.587746743000000060e+04 -2.611909602000000086e+04
-1.441594000000000086e+01 1.000000000000000000e+01 4.969999999999999592e-03 2.749999999999999840e-03 -2.402657148999999845e+04 -2.428935581000000093e+04
-1.294214999999999982e+01 1.000000000000000000e+01 5.349999999999999721e-03 2.729999999999999788e-03 -2.157024490000000151e+04 -2.201626170999999886e+04
-1.132784000000000013e+01 1.000000000000000000e+01 5.740000000000000310e-03 2.710000000000000169e-03 -1.887973641000000134e+04 -1.935027899999999863e+04
-9.833729999999999194e+00 1.000000000000000000e+01 6.109999999999999980e-03 2.690000000000000117e-03 -1.638954663000000073e+04 -1.646571965999999884e+04
-8.173500000000000654e+00 1.000000000000000000e+01 6.490000000000000109e-03 2.670000000000000064e-03 -1.362249531000000025e+04 -1.362593304999999964e+04
-6.773270000000000124e+00 1.000000000000000000e+01 6.859999999999999779e-03 2.660000000000000038e-03 -1.128878714000000036e+04 -1.107726683000000048e+04
-5.691340000000000288e+00 1.000000000000000000e+01 7.230000000000000315e-03 2.639999999999999986e-03 -9.485564329999999245e+03 -8.956890810000000783e+03
-4.563719999999999999e+00 1.000000000000000000e+01 7.599999999999999985e-03 2.619999999999999933e-03 -7.606195600000000013e+03 -7.282025990000000093e+03
-3.555169999999999941e+00 1.000000000000000000e+01 7.960000000000000062e-03 2.599999999999999881e-03 -5.925288249999999607e+03 -5.996730080000000271e+03
-3.013830000000000009e+00 1.000000000000000000e+01 8.319999999999999271e-03 2.579999999999999828e-03 -5.023053770000000441e+03 -5.021419340000000375e+03
-2.659260000000000179e+00 1.000000000000000000e+01 8.680000000000000215e-03 2.560000000000000209e-03 -4.432108269999999720e+03 -4.281046519999999873e+03
-2.280429999999999957e+00 1.000000000000000000e+01 9.029999999999999832e-03 2.550000000000000183e-03 -3.800712329999999838e+03 -3.714944590000000062e+03
-1.869739999999999958e+00 1.000000000000000000e+01 9.390000000000000777e-03 2.530000000000000131e-03 -3.116238040000000183e+03 -3.277389590000000226e+03
-1.812710000000000043e+00 1.000000000000000000e+01 9.730000000000000801e-03 2.510000000000000078e-03 -3.021180359999999837e+03 -2.934977179999999862e+03
-1.468089999999999895e+00 1.000000000000000000e+01 1.009999999999999960e-02 2.490000000000000026e-03 -2.446824590000000171e+03 -2.663568130000000110e+03
-1.261079999999999979e+00 1.000000000000000000e+01 1.039999999999999952e-02 2.469999999999999973e-03 -2.101797919999999976e+03 -2.445717389999999796e+03
-1.303960000000000008e+00 1.000000000000000000e+01 1.080000000000000057e-02 2.459999999999999947e-03 -2.173273920000000089e+03 -2.268741419999999835e+03
