-6.768699999999999717e-01 3.000000000000000000e+00 1.709999999999999932e-03 2.990000000000000036e-03 -2.785470599999999877e+02 -1.281592489999999998e+03
-5.635410000000000252e+00 1.000000000000000000e+01 7.380000000000000275e-03 2.969999999999999984e-03 -6.957294600000000173e+02 -1.246204799999999977e+03
-8.038909999999999556e+00 1.000000000000000000e+01 1.299999999999999940e-02 2.949999999999999931e-03 -9.924577799999999570e+02 -1.192916660000000093e+03
-8.867200000000000415e+00 1.000000000000000000e+01 1.859999999999999848e-02 2.929999999999999879e-03 -1.094715609999999970e+03 -1.141020890000000009e+03
-9.272500000000000853e+00 1.000000000000000000e+01 2.409999999999999989e-02 2.909999999999999826e-03 -1.144753020000000106e+03 -1.090473459999999932e+03
-9.385979999999999990e+00 1.000000000000000000e+01 2.970000000000000070e-02 2.890000000000000208e-03 -1.158762500000000045e+03 -1.041231919999999946e+03
-9.376089999999999591e+00 1.000000000000000000e+01 3.509999999999999926e-02 2.870000000000000155e-03 -1.157542369999999892e+03 -9.932553500000000213e+02
-9.081619999999999138e+00 1.000000000000000000e+01 4.059999999999999720e-02 2.850000000000000103e-03 -1.121187419999999975e+03 -9.465042600000000448e+02
-8.757070000000000576e+00 1.000000000000000000e+01 4.590000000000000330e-02 2.830000000000000050e-03 -1.081119860000000017e+03 -9.009406000000000176e+02
-8.356180000000000163e+00 1.000000000000000000e+01 5.129999999999999838e-02 2.809999999999999998e-03 -1.031627400000000080e+03 -8.565276499999999942e+02
-7.837579999999999991e+00 1.000000000000000000e+01 5.659999999999999754e-02 2.789999999999999945e-03 -9.676027199999999766e+02 -8.132299799999999550e+02
-7.249050000000000438e+00 1.000000000000000000e+01 6.189999999999999669e-02 2.769999999999999893e-03 -8.949441399999999476e+02 -7.710134199999999964e+02
-6.720089999999999897e+00 1.000000000000000000e+01 6.710000000000000686e-02 2.749999999999999840e-03 -8.296408099999999877e+02 -7.298449900000000525e+02
-6.135699999999999932e+00 1.000000000000000000e+01 7.230000000000000315e-02 2.729999999999999788e-03 -7.574937099999999646e+02 -6.896928500000000213e+02
-5.739630000000000010e+00 1.000000000000000000e+01 7.739999999999999658e-02 2.710000000000000169e-03 -7.085965599999999540e+02 -6.505262900000000172e+02
-5.270889999999999631e+00 1.000000000000000000e+01 8.250000000000000389e-02 2.690000000000000117e-03 -6.507267600000000130e+02 -6.123156400000000303e+02
-4.651449999999999640e+00 1.000000000000000000e+01 8.759999999999999731e-02 2.670000000000000064e-03 -5.742534100000000308e+02 -5.750322599999999511e+02
-4.199049999999999727e+00 1.000000000000000000e+01 9.260000000000000175e-02 2.660000000000000038e-03 -5.184008599999999660e+02 -5.386484900000000380e+02
-3.831799999999999873e+00 1.000000000000000000e+01 9.760000000000000620e-02 2.639999999999999986e-03 -4.730613399999999729e+02 -5.031376399999999762e+02
-3.442989999999999995e+00 1.000000000000000000e+01 1.025699999999999945e-01 2.619999999999999933e-03 -4.250599700000000212e+02 -4.684739000000000146e+02
-3.034180000000000099e+00 1.000000000000000000e+01 1.074800000000000061e-01 2.599999999999999881e-03 -3.745905200000000264e+02 -4.346323600000000056e+02
-2.682259999999999867e+00 1.000000000000000000e+01 1.123399999999999954e-01 2.579999999999999828e-03 -3.311435700000000111e+02 -4.015889300000000048e+02
-2.413949999999999818e+00 1.000000000000000000e+01 1.171699999999999964e-01 2.560000000000000209e-03 -2.980179699999999912e+02 -3.693203500000000190e+02
-2.164740000000000109e+00 1.000000000000000000e+01 1.219599999999999990e-01 2.550000000000000183e-03 -2.672516100000000279e+02 -3.378041299999999865e+02
-1.912639999999999896e+00 1.000000000000000000e+01 1.267000000000000071e-01 2.530000000000000131e-03 -2.361283799999999928e+02 -3.070185500000000047e+02
-1.753749999999999920e+00 1.000000000000000000e+01 1.314099999999999990e-01 2.510000000000000078e-03 -2.165124999999999886e+02 -2.769425899999999956e+02
-1.570699999999999985e+00 1.000000000000000000e+01 1.360800000000000065e-01 2.490000000000000026e-03 -1.939138800000000060e+02 -2.475559299999999894e+02
-1.509370000000000100e+00 1.000000000000000000e+01 1.406999999999999917e-01 2.469999999999999973e-03 -1.863420800000000099e+02 -2.188389500000000112e+02
-1.406150000000000011e+00 1.000000000000000000e+01 1.452900000000000025e-01 2.459999999999999947e-03 -1.735986100000000079e+02 -1.907726399999999956e+02
