-2.099299999999999944e+00 3.000000000000000000e+00 1.039999999999999936e-04 3.089999999999999865e-03 -1.413672286999999960e+04 -3.084563143000000127e+04
-1.283463000000000065e+01 1.000000000000000000e+01 4.510000000000000120e-04 3.069999999999999812e-03 -2.592855267000000094e+04 -3.079277905000000101e+04
-1.465629000000000026e+01 1.000000000000000000e+01 7.950000000000000252e-04 3.050000000000000194e-03 -2.960866344000000026e+04 -3.070187829000000056e+04
-1.510331000000000046e+01 1.000000000000000000e+01 1.139999999999999954e-03 3.030000000000000141e-03 -3.051173981999999887e+04 -3.059636652999999933e+04
-1.538552999999999926e+01 1.000000000000000000e+01 1.479999999999999979e-03 3.010000000000000089e-03 -3.108187218999999823e+04 -3.047357775000000038e+04
-1.547047000000000061e+01 1.000000000000000000e+01 1.809999999999999977e-03 2.990000000000000036e-03 -3.125347881000000052e+04 -3.033018019999999888e+04
-1.544280000000000008e+01 1.000000000000000000e+01 2.150000000000000001e-03 2.969999999999999984e-03 -3.119758199999999852e+04 -3.016198355000000083e+04
-1.539531999999999989e+01 1.000000000000000000e+01 2.480000000000000000e-03 2.939999999999999905e-03 -3.110164732000000004e+04 -2.996368629000000146e+04
-1.532296000000000014e+01 1.000000000000000000e+01 2.809999999999999998e-03 2.919999999999999853e-03 -3.095547418000000107e+04 -2.972854702000000179e+04
-1.520670999999999928e+01 1.000000000000000000e+01 3.129999999999999970e-03 2.899999999999999800e-03 -3.072063465999999971e+04 -2.944796231999999873e+04
-1.488410000000000011e+01 1.000000000000000000e+01 3.459999999999999968e-03 2.880000000000000181e-03 -3.006888868999999977e+04 -2.911093888000000152e+04
-1.449376999999999960e+01 1.000000000000000000e+01 3.779999999999999940e-03 2.860000000000000129e-03 -2.928034576000000015e+04 -2.870346566000000166e+04
-1.410867000000000004e+01 1.000000000000000000e+01 4.100000000000000346e-03 2.840000000000000076e-03 -2.850236433000000034e+04 -2.820783897000000070e+04
-1.360556000000000054e+01 1.000000000000000000e+01 4.420000000000000318e-03 2.820000000000000024e-03 -2.748598425000000134e+04 -2.760209695999999894e+04
-1.305353000000000030e+01 1.000000000000000000e+01 4.729999999999999830e-03 2.799999999999999972e-03 -2.637077423999999883e+04 -2.685992122000000018e+04
-1.260778999999999961e+01 1.000000000000000000e+01 5.040000000000000209e-03 2.779999999999999919e-03 -2.547028334000000177e+04 -2.595169773999999961e+04
-1.207474000000000025e+01 1.000000000000000000e+01 5.349999999999999721e-03 2.759999999999999867e-03 -2.439341499000000113e+04 -2.484785557999999946e+04
-1.136736999999999931e+01 1.000000000000000000e+01 5.660000000000000100e-03 2.739999999999999814e-03 -2.296439326000000074e+04 -2.352581082999999853e+04
-1.069711000000000034e+01 1.000000000000000000e+01 5.969999999999999613e-03 2.720000000000000195e-03 -2.161031688999999824e+04 -2.198103701000000001e+04
-1.000461999999999918e+01 1.000000000000000000e+01 6.270000000000000399e-03 2.710000000000000169e-03 -2.021135181000000011e+04 -2.023990605000000141e+04
-9.018430000000000391e+00 1.000000000000000000e+01 6.570000000000000319e-03 2.690000000000000117e-03 -1.821905167000000074e+04 -1.836739634999999907e+04
-8.167880000000000251e+00 1.000000000000000000e+01 6.870000000000000238e-03 2.670000000000000064e-03 -1.650075994999999966e+04 -1.646085417999999845e+04
-7.397140000000000271e+00 1.000000000000000000e+01 7.159999999999999698e-03 2.650000000000000012e-03 -1.494372573999999986e+04 -1.462759092000000055e+04
-6.653159999999999741e+00 1.000000000000000000e+01 7.450000000000000025e-03 2.629999999999999959e-03 -1.344071991999999955e+04 -1.295667792000000009e+04
-5.901980000000000004e+00 1.000000000000000000e+01 7.740000000000000352e-03 2.609999999999999907e-03 -1.192320159000000058e+04 -1.150060901999999987e+04
-5.191010000000000346e+00 1.000000000000000000e+01 8.030000000000000679e-03 2.589999999999999854e-03 -1.048687995000000046e+04 -1.027388803000000007e+04
-4.643860000000000099e+00 1.000000000000000000e+01 8.319999999999999271e-03 2.569999999999999802e-03 -9.381528410000000804e+03 -9.263472560000000158e+03
-3.975190000000000001e+00 1.000000000000000000e+01 8.600000000000000006e-03 2.560000000000000209e-03 -8.030685879999999997e+03 -8.441954139999999825e+03
-3.590419999999999945e+00 1.000000000000000000e+01 8.880000000000000740e-03 2.540000000000000157e-03 -7.253379280000000108e+03 -7.777723100000000159e+03
