-1.643880000000000008e+00 3.000000000000000000e+00 8.859999999999999874e-05 2.990000000000000036e-03 -1.304669498000000021e+04 -3.063522735000000102e+04
-1.047509999999999941e+01 1.000000000000000000e+01 3.829999999999999854e-04 2.969999999999999984e-03 -2.494071454000000085e+04 -3.059639207000000170e+04
-1.227647999999999939e+01 1.000000000000000000e+01 6.740000000000000114e-04 2.949999999999999931e-03 -2.922970594999999958e+04 -3.052958793000000151e+04
-1.270030000000000037e+01 1.000000000000000000e+01 9.640000000000000131e-04 2.929999999999999879e-03 -3.023879876000000149e+04 -3.045203970000000118e+04
-1.298398000000000074e+01 1.000000000000000000e+01 1.250000000000000026e-03 2.909999999999999826e-03 -3.091422705000000133e+04 -3.036184318999999959e+04
-1.311758000000000024e+01 1.000000000000000000e+01 1.539999999999999919e-03 2.890000000000000208e-03 -3.123232313000000067e+04 -3.025661669999999867e+04
-1.316275000000000084e+01 1.000000000000000000e+01 1.820000000000000003e-03 2.870000000000000155e-03 -3.133988302000000112e+04 -3.013335901000000013e+04
-1.312770000000000081e+01 1.000000000000000000e+01 2.099999999999999870e-03 2.850000000000000103e-03 -3.125642416999999841e+04 -2.998826050000000032e+04
-1.303364000000000011e+01 1.000000000000000000e+01 2.380000000000000171e-03 2.830000000000000050e-03 -3.103247600999999850e+04 -2.981645146999999997e+04
-1.288122000000000078e+01 1.000000000000000000e+01 2.660000000000000038e-03 2.809999999999999998e-03 -3.066957344999999987e+04 -2.961166800000000148e+04
-1.276047999999999938e+01 1.000000000000000000e+01 2.929999999999999879e-03 2.789999999999999945e-03 -3.038208810000000085e+04 -2.936581276000000071e+04
-1.259256000000000064e+01 1.000000000000000000e+01 3.210000000000000180e-03 2.769999999999999893e-03 -2.998228558999999950e+04 -2.906839032999999836e+04
-1.235552999999999990e+01 1.000000000000000000e+01 3.480000000000000020e-03 2.749999999999999840e-03 -2.941793894999999975e+04 -2.870581140999999843e+04
-1.197640999999999956e+01 1.000000000000000000e+01 3.749999999999999861e-03 2.729999999999999788e-03 -2.851526226999999926e+04 -2.826060716999999931e+04
-1.162598999999999982e+01 1.000000000000000000e+01 4.020000000000000136e-03 2.710000000000000169e-03 -2.768093511999999828e+04 -2.771070733000000109e+04
-1.121045999999999943e+01 1.000000000000000000e+01 4.279999999999999950e-03 2.690000000000000117e-03 -2.669158269999999902e+04 -2.702917117000000144e+04
-1.087499000000000038e+01 1.000000000000000000e+01 4.539999999999999765e-03 2.670000000000000064e-03 -2.589283804999999847e+04 -2.618518095000000176e+04
-1.020334000000000074e+01 1.000000000000000000e+01 4.799999999999999580e-03 2.660000000000000038e-03 -2.429367071999999825e+04 -2.514768089999999938e+04
-9.684390000000000498e+00 1.000000000000000000e+01 5.060000000000000261e-03 2.639999999999999986e-03 -2.305807608999999866e+04 -2.389337726000000112e+04
-9.259959999999999525e+00 1.000000000000000000e+01 5.320000000000000076e-03 2.619999999999999933e-03 -2.204753426000000036e+04 -2.241976333000000159e+04
-8.722500000000000142e+00 1.000000000000000000e+01 5.570000000000000298e-03 2.599999999999999881e-03 -2.076784838999999920e+04 -2.075986066999999821e+04
-7.918210000000000193e+00 1.000000000000000000e+01 5.830000000000000113e-03 2.579999999999999828e-03 -1.885288035999999920e+04 -1.898930179000000135e+04
-7.356449999999999712e+00 1.000000000000000000e+01 6.080000000000000335e-03 2.560000000000000209e-03 -1.751536578000000009e+04 -1.721506590000000142e+04
-6.813970000000000304e+00 1.000000000000000000e+01 6.320000000000000097e-03 2.550000000000000183e-03 -1.622374899999999980e+04 -1.554622790999999961e+04
-6.105080000000000062e+00 1.000000000000000000e+01 6.570000000000000319e-03 2.530000000000000131e-03 -1.453589400000000023e+04 -1.406316402999999991e+04
-5.460779999999999745e+00 1.000000000000000000e+01 6.810000000000000081e-03 2.510000000000000078e-03 -1.300185142000000087e+04 -1.280329794000000038e+04
-5.025190000000000268e+00 1.000000000000000000e+01 7.060000000000000303e-03 2.490000000000000026e-03 -1.196474395000000004e+04 -1.176636586999999963e+04
-4.451859999999999928e+00 1.000000000000000000e+01 7.300000000000000065e-03 2.469999999999999973e-03 -1.059967226999999912e+04 -1.092916821999999956e+04
-4.026250000000000107e+00 1.000000000000000000e+01 7.530000000000000235e-03 2.459999999999999947e-03 -9.586315650000000460e+03 -1.025948771999999917e+04
