3.000000000000000000e+00 -2.218203062000000136e+04
1.000000000000000000e+01 -3.024716618999999992e+04
1.000000000000000000e+01 -3.169472035999999935e+04
1.000000000000000000e+01 -3.208574310999999943e+04
1.000000000000000000e+01 -3.196630528000000049e+04
1.000000000000000000e+01 -3.196974563000000126e+04
1.000000000000000000e+01 -3.163317022999999972e+04
1.000000000000000000e+01 -3.166762716000000000e+04
1.000000000000000000e+01 -3.097110285999999905e+04
1.000000000000000000e+01 -3.094820343000000139e+04
1.000000000000000000e+01 -3.000295051999999851e+04
1.000000000000000000e+01 -2.907166748000000007e+04
1.000000000000000000e+01 -2.799096449999999822e+04
1.000000000000000000e+01 -2.694868063999999868e+04
1.000000000000000000e+01 -2.506970627999999851e+04
1.000000000000000000e+01 -2.342493567999999868e+04
1.000000000000000000e+01 -2.086377531000000090e+04
1.000000000000000000e+01 -1.839773954999999842e+04
1.000000000000000000e+01 -1.551892930999999953e+04
1.000000000000000000e+01 -1.313983805000000029e+04
1.000000000000000000e+01 -1.146049493000000075e+04
1.000000000000000000e+01 -9.332355709999999817e+03
1.000000000000000000e+01 -7.890656879999999546e+03
1.000000000000000000e+01 -6.909460629999999583e+03
1.000000000000000000e+01 -5.656639259999999922e+03
1.000000000000000000e+01 -5.231077620000000024e+03
1.000000000000000000e+01 -4.344154089999999997e+03
1.000000000000000000e+01 -4.146719699999999648e+03
1.000000000000000000e+01 -3.420118030000000090e+03
