3.000000000000000000e+00 -2.091384839999999895e+04
1.000000000000000000e+01 -3.098736767999999938e+04
1.000000000000000000e+01 -3.240847037999999884e+04
1.000000000000000000e+01 -3.290996351000000141e+04
1.000000000000000000e+01 -3.308207512999999744e+04
1.000000000000000000e+01 -3.297661632999999711e+04
1.000000000000000000e+01 -3.317830724000000191e+04
1.000000000000000000e+01 -3.320504766999999993e+04
1.000000000000000000e+01 -3.300232994000000326e+04
1.000000000000000000e+01 -3.265932926999999836e+04
1.000000000000000000e+01 -3.214092559999999867e+04
1.000000000000000000e+01 -3.178824512999999934e+04
1.000000000000000000e+01 -3.108182094000000143e+04
1.000000000000000000e+01 -3.026190797999999995e+04
1.000000000000000000e+01 -2.965111740999999893e+04
1.000000000000000000e+01 -2.871841052000000127e+04
1.000000000000000000e+01 -2.766278496000000086e+04
1.000000000000000000e+01 -2.624546808999999848e+04
1.000000000000000000e+01 -2.537730975000000035e+04
1.000000000000000000e+01 -2.386370527999999831e+04
1.000000000000000000e+01 -2.163644611000000077e+04
1.000000000000000000e+01 -2.002086119999999937e+04
1.000000000000000000e+01 -1.802624728999999934e+04
1.000000000000000000e+01 -1.542297013999999945e+04
1.000000000000000000e+01 -1.364031785999999920e+04
1.000000000000000000e+01 -1.183407754000000023e+04
1.000000000000000000e+01 -1.001433078999999998e+04
1.000000000000000000e+01 -8.995894399999999223e+03
1.000000000000000000e+01 -7.815294869999999719e+03
