-2.158310000000000173e+00 3.000000000000000000e+00 7.260000000000000286e-05 2.860000000000000129e-03 -2.091384839999999895e+04 -3.326490552000000025e+04
-1.065964999999999918e+01 1.000000000000000000e+01 3.130000000000000187e-04 2.840000000000000076e-03 -3.098736767999999938e+04 -3.321450706000000355e+04
-1.114850999999999992e+01 1.000000000000000000e+01 5.519999999999999733e-04 2.820000000000000024e-03 -3.240847037999999884e+04 -3.312817225999999937e+04
-1.132103000000000037e+01 1.000000000000000000e+01 7.900000000000000121e-04 2.799999999999999972e-03 -3.290996351000000141e+04 -3.302851320000000123e+04
-1.138022999999999918e+01 1.000000000000000000e+01 1.030000000000000100e-03 2.779999999999999919e-03 -3.308207512999999744e+04 -3.291329419999999664e+04
-1.134395999999999916e+01 1.000000000000000000e+01 1.260000000000000052e-03 2.759999999999999867e-03 -3.297661632999999711e+04 -3.277974814000000333e+04
-1.141333999999999982e+01 1.000000000000000000e+01 1.490000000000000005e-03 2.749999999999999840e-03 -3.317830724000000191e+04 -3.262442752000000110e+04
-1.142253999999999969e+01 1.000000000000000000e+01 1.719999999999999958e-03 2.729999999999999788e-03 -3.320504766999999993e+04 -3.244300926999999865e+04
-1.135280000000000022e+01 1.000000000000000000e+01 1.949999999999999910e-03 2.710000000000000169e-03 -3.300232994000000326e+04 -3.223003906999999890e+04
-1.123480999999999952e+01 1.000000000000000000e+01 2.180000000000000080e-03 2.690000000000000117e-03 -3.265932926999999836e+04 -3.197859749999999985e+04
-1.105648000000000053e+01 1.000000000000000000e+01 2.399999999999999790e-03 2.670000000000000064e-03 -3.214092559999999867e+04 -3.167986871999999858e+04
-1.093515999999999977e+01 1.000000000000000000e+01 2.629999999999999959e-03 2.650000000000000012e-03 -3.178824512999999934e+04 -3.132259395999999833e+04
-1.069214999999999982e+01 1.000000000000000000e+01 2.850000000000000103e-03 2.629999999999999959e-03 -3.108182094000000143e+04 -3.089240520000000106e+04
-1.041009999999999991e+01 1.000000000000000000e+01 3.069999999999999812e-03 2.609999999999999907e-03 -3.026190797999999995e+04 -3.037107038000000102e+04
-1.019998000000000005e+01 1.000000000000000000e+01 3.289999999999999956e-03 2.589999999999999854e-03 -2.965111740999999893e+04 -2.973576674999999886e+04
-9.879129999999999967e+00 1.000000000000000000e+01 3.510000000000000099e-03 2.579999999999999828e-03 -2.871841052000000127e+04 -2.895867241999999897e+04
-9.516000000000000014e+00 1.000000000000000000e+01 3.720000000000000216e-03 2.560000000000000209e-03 -2.766278496000000086e+04 -2.800747686999999860e+04
-9.028439999999999799e+00 1.000000000000000000e+01 3.930000000000000333e-03 2.540000000000000157e-03 -2.624546808999999848e+04 -2.684786635000000024e+04
-8.729789999999999495e+00 1.000000000000000000e+01 4.150000000000000043e-03 2.520000000000000104e-03 -2.537730975000000035e+04 -2.544945556999999826e+04
-8.209110000000000795e+00 1.000000000000000000e+01 4.360000000000000160e-03 2.500000000000000052e-03 -2.386370527999999831e+04 -2.379637375999999858e+04
-7.442940000000000111e+00 1.000000000000000000e+01 4.559999999999999817e-03 2.490000000000000026e-03 -2.163644611000000077e+04 -2.190159154000000126e+04
-6.887179999999999858e+00 1.000000000000000000e+01 4.769999999999999934e-03 2.469999999999999973e-03 -2.002086119999999937e+04 -1.981946759000000020e+04
-6.201030000000000264e+00 1.000000000000000000e+01 4.980000000000000052e-03 2.449999999999999921e-03 -1.802624728999999934e+04 -1.764663379999999961e+04
-5.305500000000000327e+00 1.000000000000000000e+01 5.179999999999999709e-03 2.429999999999999868e-03 -1.542297013999999945e+04 -1.550406929999999920e+04
-4.692269999999999719e+00 1.000000000000000000e+01 5.380000000000000233e-03 2.419999999999999842e-03 -1.364031785999999920e+04 -1.350581254000000081e+04
-4.070920000000000094e+00 1.000000000000000000e+01 5.579999999999999891e-03 2.399999999999999790e-03 -1.183407754000000023e+04 -1.173134795999999915e+04
-3.444929999999999826e+00 1.000000000000000000e+01 5.780000000000000415e-03 2.380000000000000171e-03 -1.001433078999999998e+04 -1.021549171000000024e+04
-3.094590000000000174e+00 1.000000000000000000e+01 5.980000000000000072e-03 2.370000000000000145e-03 -8.995894399999999223e+03 -8.955517169999999169e+03
-2.688460000000000072e+00 1.000000000000000000e+01 6.170000000000000137e-03 2.350000000000000092e-03 -7.815294869999999719e+03 -7.925854690000000119e+03
